id,time,y,popPred_medianCOV,popPred,indivPred_SAEM,indWRes_SAEM
1,0.25,19.11,7.86617,9.41857,18.1403,0.543878
1,1,47.47,21.3365,25.2759,45.9038,0.347175
1,1.25,42.02,23.6088,27.8555,49.4914,-1.53612
1,1.5,56.79,25.1699,29.5721,51.344,1.07931
1,1.75,53.45,26.1821,30.6253,51.9049,0.302902
1,2,49.1,26.7719,31.1705,51.5166,-0.477335
1,3,43.02,26.5799,30.3281,44.9111,-0.428461
1,6,21.7,19.626,20.8707,20.9737,0.352304
1,7,17.18,17.3718,18.0184,15.755,0.920205
1,10,6.52,11.9555,11.494,6.5596,-0.0613943
1,16,1.15,5.63849,4.65342,1.1214,0.258474
1,20,0.27,3.41593,2.54627,0.345177,-2.18829
1,22,0.19,2.65877,1.88352,0.191504,-0.078135
1,24.25,13.54,9.03891,9.76306,16.3182,-1.7321
1,25,40.04,20.9031,23.7979,41.1225,-0.267864
1,25.25,51.97,22.8785,26.0601,44.3246,1.75512
1,25.5,45.52,24.2197,27.5523,45.9759,-0.100894
1,25.75,51.81,25.0719,28.4528,46.4726,1.16867
1,26,49.79,25.548,28.9007,46.1209,0.809499
1,27,38.78,25.1866,28.0033,40.1997,-0.359355
1,30,17.09,18.5238,19.2248,18.7711,-0.911182
1,31,15.17,16.3934,16.5956,14.1003,0.77178
1,34,5.91,11.2808,10.5856,5.87064,0.0681778
1,40,0.85,5.32024,4.28561,1.00362,-1.55083
1,44,0.35,3.22312,2.34501,0.308923,1.33404
1,46,0.19,2.5087,1.73465,0.17139,1.07714
2,0.25,25.97,8.23635,9.84677,25.2698,0.281926
2,0.5,37,14.4169,17.1818,39.8958,-0.738554
2,0.75,48.77,18.9992,22.5665,47.3595,0.303056
2,1.25,50.12,24.7198,29.1417,49.8058,0.0641836
2,1.5,49.89,26.3544,30.9417,47.6509,0.478137
2,2,41.62,28.0318,32.6217,40.6761,0.236119
2,3,25.36,27.8308,31.7508,25.6982,-0.133905
2,5,7.9,23.1109,25.1902,8.3513,-0.549635
2,9,0.76,14.1855,13.9929,0.74261,0.236899
2,10,0.36,12.5181,12.0386,0.402956,-1.07303
2,11,0.22,11.0451,10.3555,0.218549,0.066235
2,14,0.04,7.58506,6.58886,0.0348327,1.33943
2,24.25,21.39,7.74515,8.15424,17.3198,2.39086
2,24.5,27.63,11.9165,13.1297,27.3443,0.106293
2,24.75,31.95,14.9944,16.7702,32.4599,-0.159843
2,25.25,31.07,18.7955,21.1822,34.1366,-0.914068
2,25.5,31.12,19.8587,22.3712,32.6597,-0.479675
2,26,25.39,20.8993,23.4382,27.8792,-0.908443
2,27,18.12,20.5629,22.6902,17.6134,0.292629
2,29,6.14,16.9982,17.9519,5.72393,0.739153
2,33,0.54,10.4243,9.96644,0.50898,0.61486
2,34,0.26,9.19881,8.5744,0.276183,-0.586893
2,35,0.17,8.11634,7.37554,0.149792,1.33347
2,38,0.02,5.57375,4.69281,0.0238741,-1.39307
3,0.25,6.7,9.16178,10.9365,7.96598,-1.61637
3,0.5,15.17,16.0368,19.0869,13.6788,1.10907
3,0.75,16.62,21.134,25.073,17.7077,-0.624935
3,1.5,22.89,29.3155,34.3938,23.4608,-0.247562
3,3,24.36,30.9578,35.3132,23.2511,0.485238
3,7,13.6,20.2331,20.9979,13.9763,-0.273927
3,8,12.01,17.8752,18.0899,12.1614,-0.126646
3,11,8.04,12.2861,11.5226,8.00119,0.0493375
3,24.25,6.48,7.70347,7.97094,5.92437,0.953697
3,24.5,8.6,11.6592,12.6881,9.2281,-0.692317
3,24.75,12.81,14.5757,16.1394,11.5468,1.11282
3,25.5,12.98,19.1721,21.4451,14.8007,-1.2515
3,27,15.09,19.792,21.7216,14.4783,0.429829
3,31,8.62,12.8564,12.867,8.67801,-0.0679894
3,32,7.52,11.3569,11.0843,7.55087,-0.0415731
3,35,4.76,7.80539,7.05991,4.96775,-0.425198
4,1,24.1,24.3487,28.7581,26.5463,-0.937635
4,1.25,30.68,26.9418,31.7073,29.9403,0.251391
4,1.5,34.97,28.7233,33.6749,32.4994,0.773495
4,5,30.5,25.1883,27.4643,33.5913,-0.936377
4,10,21.63,13.6433,13.1289,20.6536,0.480979
4,12,19.39,10.6208,9.71363,16.8215,1.55343
4,14,13.26,8.26687,7.18562,13.694,-0.322379
4,16,10.86,6.43451,5.31537,11.1466,-0.26156
4,18,8.66,5.00828,3.93188,9.07287,-0.462866
5,0.25,5.42,4.99733,5.94717,5.69954,-0.498725
5,0.5,8.59,8.74734,10.3833,9.87639,-1.32487
5,1,16.16,13.555,15.9937,15.055,0.746691
5,1.25,15.14,14.9985,17.6365,16.5515,-0.867596
5,1.5,17.58,15.9903,18.7334,17.5525,0.0159521
5,2,18.9,17.008,19.7643,18.5298,0.203252
5,9,10.31,8.60693,8.49787,10.1483,0.162033
5,16,4.06,3.5821,2.96,4.79915,-1.5659
5,22,2,1.6891,1.19809,2.5255,-2.11377
5,24.25,7.72,6.17895,6.69051,7.57913,0.189034
5,24.5,11.54,9.82022,11.0129,11.6262,-0.0754509
5,25,15.01,14.4638,16.4598,16.6083,-0.979053
5,25.25,22.63,15.8449,18.0439,18.0287,2.59661
5,25.5,21.08,16.7836,19.0934,18.964,1.13519
5,26,20.04,17.7164,20.0539,19.8328,0.106282
5,33,10.61,8.87325,8.56872,10.7388,-0.12198
5,40,4.2,3.69286,2.98464,5.07832,-1.75852
5,46,3.35,1.74133,1.20807,2.67241,2.57598
6,1.25,36.53,25.553,30.0217,38.1711,-0.437479
6,3,39.38,28.7689,32.8018,39.6873,-0.0787797
6,4,39.16,26.5747,29.6626,36.8403,0.640682
6,5,37.79,23.8899,26.0578,33.8441,1.18631
6,6,28.51,21.2423,22.617,31.0064,-0.819205
6,9,24.24,14.6637,14.4823,23.7799,0.196841
6,10,20.93,12.94,12.4599,21.7645,-0.390092
6,18,10.24,4.75012,3.73155,10.7159,-0.451764
6,20,9.11,3.69724,2.7603,8.97634,0.151459
6,25.25,44.49,27.4682,31.2727,43.8096,0.158038
6,27,42.16,30.307,33.7628,44.5161,-0.538558
6,28,44.69,27.9317,30.4891,41.2599,0.845913
6,29,37.98,25.0871,26.7687,37.8891,0.0244164
6,30,35.15,22.2985,23.2283,34.7085,0.129432
6,33,22.44,15.3889,14.8712,26.6182,-1.59711
6,34,27.45,13.5799,12.7944,24.3622,1.2896
6,42,13.98,4.98496,3.83171,11.9949,1.68352
6,44,10.06,3.88003,2.83439,10.0477,0.0124444
6,49.25,49.08,28.1184,31.9589,45.3124,0.846068
6,51,43.11,31.0084,34.5016,45.9552,-0.629995
6,52,46.41,28.5765,31.1561,42.5883,0.9131
6,53,35.68,25.6656,27.3542,39.1076,-0.891817
6,54,36.04,22.8125,23.7364,35.8244,0.0612337
6,57,25.76,15.7436,15.1965,27.4739,-0.634743
6,58,25.69,13.8929,13.0742,25.1454,0.220379
6,66,11.1,5.09984,3.91552,12.3805,-1.05217
6,68,10.55,3.96944,2.89638,10.3707,0.175847
7,0.75,13.12,15.1567,17.8983,13.0452,0.0583112
7,1,16.43,17.8223,20.9867,15.5038,0.60775
7,1.25,15.91,19.7203,23.1492,17.3132,-0.824587
7,1.5,18.74,21.0243,24.5957,18.6019,0.0755179
7,3,18.36,22.2021,25.3107,20.044,-0.85479
7,5,17.35,18.4368,20.1134,16.2597,0.682187
7,8,10.3,12.8196,12.989,10.4069,-0.104444
7,9,9.03,11.3165,11.18,8.89563,0.153644
7,18,2.29,3.66585,2.8807,2.1267,0.779781
7,20,1.42,2.8533,2.1309,1.54655,-0.830312
8,0.75,9.29,11.5276,13.597,8.95306,0.382785
8,1.5,11.97,15.9903,18.6931,12.7025,-0.586663
8,5,13.57,14.0224,15.3003,12.7703,0.637067
8,6,10.88,12.4683,13.2817,11.8628,-0.842767
8,16,5.36,3.5821,2.96281,5.34418,0.0300933
9,0.5,9.55,11.5011,13.5792,8.96043,0.669245
9,1.25,13.48,19.7203,23.1097,16.1837,-1.69963
9,2,19.09,22.3624,25.9359,19.0804,0.00510381
9,4,19.92,20.5088,22.8957,18.4622,0.803368
9,7,11.71,14.5106,15.0843,13.1402,-1.10725
9,8,11.9,12.8196,12.9967,11.5397,0.317614
9,9,11.28,11.3165,11.1869,10.1107,1.17639
9,14,4.64,6.05101,5.26789,5.16985,-1.04208
9,20,2.36,2.8533,2.13225,2.30485,0.243016
10,0.5,14.28,9.2333,10.887,14.5912,-0.21699
10,0.75,20.26,12.1681,14.319,19.0889,0.624165
10,1,18.6,14.308,16.7979,22.2562,-1.67144
10,1.75,26.52,17.5574,20.4273,26.445,0.0288578
10,5,16.88,14.8014,16.156,17.8062,-0.529206
10,6,13.95,13.161,14.0264,14.5452,-0.4163
10,10,5.74,8.0172,7.72936,6.18619,-0.73347
10,11,5.32,7.07383,6.6488,4.98135,0.691225
10,18,1.19,2.94301,2.31487,1.09078,0.921952
10,20,0.68,2.29068,1.71235,0.70669,-0.381941
10,24.5,19.55,12.8046,14.43,18.4412,0.611749
10,24.75,23.33,16.42,18.6728,24.0295,-0.29618
10,25,32.13,19.0466,21.7296,27.9614,1.51689
10,25.75,31.67,22.9843,26.1642,33.1432,-0.452262
10,29,25.01,19.1785,20.5651,22.2799,1.24674
10,30,18.61,17.0479,17.8507,18.1984,0.230124
10,34,6.98,10.3828,9.83532,7.73947,-0.99803
10,35,7.32,9.16101,8.46032,6.23209,1.7752
10,42,1.24,3.81135,2.94557,1.36465,-0.926554
10,44,0.88,2.96655,2.17889,0.884127,-0.0472685
11,0.5,7.54,9.07131,10.6817,8.05186,-0.646558
11,1.25,14.89,15.554,18.1961,15.047,-0.106153
11,1.5,16.65,16.5825,19.3435,16.4683,0.112257
11,3,22.32,17.5115,19.9513,19.9063,1.23366
11,6,18.82,12.9301,13.7837,17.9062,0.519226
11,7,14.69,11.445,11.9042,16.7584,-1.25569
11,8,14.76,10.1112,10.2571,15.6234,-0.562238
11,10,13.88,7.87655,7.59614,13.5142,0.27536
11,12,11.27,6.13159,5.62027,11.665,-0.344441
11,18,8.15,2.89138,2.27499,7.48784,0.899387
11,24.5,13.98,13.5917,15.3506,15.5586,-1.03221
11,25.25,20.7,22.2748,25.4574,24.8022,-1.68286
11,25.5,31.55,23.6347,26.9863,26.6509,1.87037
11,27,35.02,24.7018,27.6625,30.8653,1.36962
11,30,24.45,18.1909,19.0791,27.3852,-1.09054
11,31,26.96,16.0997,16.4762,25.6077,0.53729
11,32,25.08,14.2227,14.196,23.8633,0.518746
11,34,21.26,11.0791,10.513,20.6352,0.308046
11,36,15.45,8.62459,7.77837,17.8102,-1.34824
11,42,12.25,4.06696,3.14854,11.4322,0.727663
12,0.25,10.87,6.57057,7.73627,11.4635,-0.526658
12,0.75,23.4,15.1567,17.7944,23.7862,-0.165199
12,1,29.46,17.8223,20.8817,26.7583,1.02729
12,2,27.29,22.3624,25.8977,29.5707,-0.784763
12,3,26.83,22.2021,25.2914,27.4549,-0.23157
12,4,22.43,20.5088,22.8995,24.5676,-0.885267
12,5,20.17,18.4368,20.1312,21.7899,-0.756374
12,7,13.89,14.5106,15.097,17.0568,-1.88891
12,9,14.48,11.3165,11.1972,13.3405,0.868941
12,11,10.66,8.81126,8.28709,10.4333,0.220998
12,18,4.4,3.66585,2.88528,4.41361,-0.0313532
12,22,2.55,2.22086,1.57877,2.69955,-0.562845
12,24.25,14.61,8.61603,9.29677,14.1567,0.325748
12,24.75,28.05,17.5842,19.8399,27.0516,0.375514
12,25,31.97,20.3514,23.0625,30.1329,0.620314
12,26,28.74,24.9677,28.2206,32.8878,-1.28328
12,27,33.89,24.6399,27.4593,30.4618,1.14509
12,28,20.77,22.7114,24.8286,27.243,-2.41754
12,29,28.98,20.3994,21.815,24.1595,2.03012
12,31,20.43,16.0472,16.3541,18.9109,0.81726
12,33,16.71,12.5138,12.1288,14.7906,1.32023
12,35,11.33,9.74332,8.97643,11.5674,-0.208766
12,42,5.4,4.05362,3.12527,4.89336,1.05268
12,46,2.74,2.45577,1.71009,2.99299,-0.858904
13,1.75,31.78,27.1062,31.4799,31.6996,0.0258046
13,4,26.14,25.4193,28.384,26.908,-0.290412
13,6,20,20.3187,21.6706,19.968,0.0162811
13,10,10.05,12.3774,11.9443,10.583,-0.512266
13,11,7.59,10.921,10.2746,9.02174,-1.61419
13,12,9.39,9.63536,8.83748,7.69057,2.24744
13,20,2.03,3.53649,2.64617,2.14404,-0.540169
14,0.5,13.31,10.8532,12.7286,14.6035,-0.901107
14,0.75,18.12,14.3028,16.7528,19.2632,-0.603815
14,1.75,27.78,20.6377,23.9531,27.6287,0.0557047
14,2,26.83,21.1026,24.4145,28.1451,-0.475433
14,4,23.15,19.3533,21.6117,24.4316,-0.533711
14,8,11.68,12.0973,12.2829,12.8258,-0.908826
14,18,2.03,3.45933,2.72447,2.25982,-1.03289
14,20,1.52,2.69255,2.01534,1.596,-0.483225
14,24.5,23.13,16.435,18.5008,20.7824,1.14932
14,24.75,28.37,21.1246,23.9887,27.1497,0.457308
14,25.75,39.26,29.6484,33.7379,38.5252,0.194083
14,26,42.85,30.2463,34.3402,39.2093,0.944817
14,28,33.59,27.563,30.2791,33.9449,-0.10638
14,32,18.93,17.2099,17.1963,17.8096,0.640011
14,42,3.41,4.92115,3.81419,3.13783,0.88144
14,44,2.31,3.83036,2.82143,2.21609,0.430364
15,0.25,5.63,4.81225,5.64007,5.39803,0.436951
15,0.5,10.47,8.42336,9.86568,9.10459,1.52541
15,1,12.88,13.0529,15.2475,13.1663,-0.221194
15,1.25,13.81,14.443,16.8383,14.1077,-0.214696
15,1.5,13.12,15.3981,17.9097,14.5871,-1.02321
15,2,13.29,16.3781,18.9392,14.6554,-0.947821
15,3,13.34,16.2607,18.5146,13.1637,0.136261
15,8,6.57,9.38897,9.53589,5.17338,2.74489
15,11,2.87,6.45332,6.07521,2.87588,-0.0207775
15,16,1.12,3.44943,2.85946,1.08044,0.371123
15,18,0.65,2.68485,2.11519,0.730346,-1.11277
15,24.25,6.35,7.61245,8.30843,7.37758,-1.41657
15,24.5,11.68,12.3663,13.885,12.2856,-0.501482
15,25,19.07,18.4372,20.9685,17.6561,0.814716
15,25.25,19.26,20.2472,23.0523,18.8965,0.195719
15,25.5,19.8,21.4812,24.4477,19.5242,0.143728
15,26,17.7,22.7179,25.7642,19.5991,-0.985836
15,27,17.24,22.446,25.1121,17.5926,-0.203891
15,32,6.64,12.9231,12.9097,6.91178,-0.3999
15,35,3.38,8.88213,8.22442,3.84225,-1.22289
15,40,1.57,4.74766,3.87103,1.44349,0.889151
15,42,0.99,3.69533,2.86347,0.975761,0.147835
15,48.25,8.67,8.53696,9.14241,7.96881,0.894948
15,48.5,12.51,13.6238,15.1145,13.2298,-0.553499
15,49,21.03,20.1126,22.6951,18.9844,1.09626
15,49.25,19.25,22.0434,24.9222,20.3123,-0.532115
15,49.5,18.52,23.3566,26.4113,20.9833,-1.19439
15,50,21.41,24.6636,27.8093,21.0595,0.169335
15,51,19.22,24.3367,27.0851,18.9004,0.172021
15,56,7.6,14.0008,13.9173,7.42505,0.239632
15,59,4.31,9.62272,8.86627,4.12757,0.449286
15,64,1.57,5.14352,4.17313,1.55068,0.126408
15,66,0.96,4.00344,3.08694,1.04822,-0.852863
16,0.5,8.11,10.2052,11.9366,7.64648,0.616529
16,1.5,14.56,18.6553,21.6824,14.7965,-0.162626
16,1.75,13.18,19.4056,22.4957,15.5758,-1.56483
16,5,14.48,16.3594,17.8754,14.4435,0.0257359
16,12,6.17,6.89804,6.33291,6.65356,-0.739105
16,14,5.43,5.3692,4.68479,5.29428,0.260661
16,20,2.52,2.5318,1.89624,2.66646,-0.558021
16,24.5,8.83,11.6459,12.8989,9.24059,-0.451959
16,25.5,17.02,19.9264,22.5101,16.2184,0.502809
16,25.75,17.3,20.6374,23.2927,16.9576,0.20541
16,29,15.99,17.1792,18.3637,15.3965,0.392172
16,36,7.88,7.23908,6.50289,7.08169,1.14646
16,38,5.59,5.63465,4.81053,5.6349,-0.0810293
16,44,2.89,2.65697,1.94714,2.83801,0.186144
17,0.75,10.67,10.6737,12.4583,10.8424,-0.161749
17,1,13.99,12.5509,14.6314,12.8186,0.929663
17,1.25,13.06,13.8875,16.1628,14.2336,-0.838826
17,3,15.66,15.6353,17.7968,15.6605,-0.000336296
17,6,11.24,11.5447,12.3249,9.77728,1.52174
17,7,7.93,10.2187,10.6467,8.03958,-0.138624
17,8,6.55,9.02786,9.17466,6.57235,-0.0345765
17,11,3.13,6.20511,5.84529,3.5413,-1.18046
17,14,2.01,4.26127,3.71928,1.8969,0.605327
17,24.75,17.47,17.1187,19.4231,16.4654,0.620753
17,25,19.88,19.9003,22.6556,19.4193,0.241345
17,25.25,20.19,21.8721,24.9264,21.5322,-0.634216
17,27,23.79,24.2888,27.2193,23.617,0.0745369
17,30,14.98,17.8911,18.8208,14.7334,0.170246
17,31,10.5,15.8345,16.2568,12.1142,-1.35548
17,32,8.99,13.9886,14.0086,9.90302,-0.937807
17,35,4.63,9.61447,8.92484,5.33576,-1.34492
17,38,2.85,6.60258,5.67876,2.85809,-0.0287694
17,48.75,19.21,21.5701,24.2957,20.4709,-0.626656
17,49,25.38,25.0087,28.2962,24.1311,0.526598
17,49.25,25.87,27.4435,31.1045,26.7484,-0.334139
17,51,29.99,30.3768,33.9023,29.3187,0.232962
17,54,20.68,22.3626,23.4334,18.2875,1.33104
17,55,15.91,19.7915,20.2406,15.0362,0.591205
17,56,11.93,17.4841,17.4414,12.2916,-0.299279
17,59,7.1,12.0169,11.1118,6.6227,0.732933
17,62,3.83,8.25239,7.07029,3.54743,0.809583
18,0.5,4.67,11.1772,13.0384,4.72916,-0.127194
18,1,7.34,17.3202,20.1709,8.24107,-1.11208
18,1.75,10.06,21.2537,24.6082,11.8166,-1.51223
18,2,12.27,21.7325,25.0932,12.6616,-0.314659
18,4,16.61,19.931,22.2613,15.6389,0.631726
18,7,15.45,14.1019,14.6965,14.6888,0.527186
18,9,13.09,10.9977,10.9022,13.1746,-0.0652983
18,10,12.73,9.70504,9.38027,12.3892,0.279851
18,12,10.1,7.55499,6.9405,10.8839,-0.732607
18,16,8.73,4.57713,3.79795,8.31264,0.510661
18,24.5,8.25,13.565,15.0377,9.72148,-1.53964
18,25,14,20.0574,22.6106,13.3314,0.510172
18,25.75,20.19,24.143,27.2648,16.9412,1.95098
18,26,19.54,24.6149,27.7528,17.7751,1.01019
18,28,18.39,22.393,24.4967,20.4312,-1.01647
18,31,19.23,15.8226,16.1574,18.733,0.26993
18,33,16.54,12.3386,11.985,16.7277,-0.114181
18,34,14.57,10.8882,10.3119,15.7135,-0.740352
18,36,12.61,8.47598,7.62974,13.7886,-0.869577
18,40,12.23,5.13509,4.1751,10.5242,1.64872
18,48.5,10.89,14.8912,16.4652,11.4375,-0.486929
18,49,15.96,21.9952,24.7541,15.3621,0.395939
18,49.75,19.5,26.4637,29.848,19.2749,0.118828
18,50,21.66,26.979,30.382,20.1752,0.748784
18,52,23.9,24.5391,26.8169,22.9906,0.40244
18,55,22.68,17.3384,17.6876,21.0154,0.805889
18,57,17.29,13.5207,13.1201,18.7552,-0.794798
18,58,18.01,11.9313,11.2885,17.6155,0.227819
18,60,16.41,9.28797,8.35234,15.4554,0.628371
18,64,9.37,5.62702,4.57052,11.7954,-2.0917
19,1.5,43.46,28.1311,32.624,41.534,0.471853
19,4,25.17,27.4413,30.6512,29.8047,-1.58222
19,5,25.21,24.669,26.9691,22.6944,1.12778
19,6,16.97,21.935,23.4287,16.8362,0.0808751
19,12,2.66,10.4018,9.55885,2.37108,1.23772
19,16,0.6,6.30184,5.23075,0.620692,-0.336852
19,20,0.18,3.8178,2.86218,0.162115,1.09287
19,25.5,28.11,22.9409,25.6314,31.0668,-0.968397
19,28,22.85,21.91,23.7647,22.2861,0.257421
19,29,17.77,19.673,20.8929,16.969,0.480233
19,30,11.98,17.4841,18.1438,12.5885,-0.491704
19,36,1.69,8.28825,7.40056,1.77282,-0.474225
19,40,0.46,5.02136,4.0497,0.464082,-0.0886733
19,44,0.11,3.04205,2.21593,0.121211,-0.908057
20,0.25,9.07,8.1438,9.47199,9.21916,-0.164568
20,0.75,18.55,18.7858,21.8496,19.5102,-0.500735
20,1,24.14,22.0896,25.6732,22.1375,0.920359
20,1.25,27.17,24.442,28.3726,23.7464,1.46692
20,1.75,19.91,27.1062,31.3459,25.0648,-2.0925
20,4,21.68,25.4193,28.394,21.6642,0.00743208
20,5,21.64,22.8512,24.9862,19.5033,1.11465
20,6,16.06,20.3187,21.7077,17.5102,-0.8426
20,12,9.98,9.63536,8.85737,9.11969,0.959527
20,16,5.48,5.8375,4.8469,5.90205,-0.727161
20,18,5.01,4.54359,3.58535,4.74804,0.560936
20,20,4.25,3.53649,2.65215,3.81967,1.14517
20,24.25,7.52,6.88866,6.99462,7.85336,-0.431727
20,24.75,14.69,13.051,14.2072,13.8071,0.650532
20,25,15.17,14.9431,16.4186,15.2984,-0.0854069
20,25.25,17.98,16.2749,17.9676,16.1896,1.12506
20,25.75,14.04,17.738,19.6373,16.8545,-1.69889
20,28,14.21,16.3185,17.5724,14.4014,-0.135191
20,29,11.75,14.6481,15.4476,12.9596,-0.949489
20,30,10.65,13.0168,13.4147,11.6339,-0.860347
20,36,6.77,6.17,5.47165,6.05897,1.19334
20,40,3.63,3.73803,2.99417,3.92122,-0.754938
20,42,2.74,2.90948,2.21485,3.15452,-1.33535
20,44,2.62,2.26458,1.63836,2.53772,0.329357
21,0.75,14.14,10.8872,12.648,12.3036,1.51833
21,1.5,13.56,15.1019,17.4882,14.8828,-0.904226
21,2,15.3,16.0632,18.5192,14.5978,0.489344
21,10,2.53,7.17329,6.93989,2.62222,-0.357296
21,12,1.89,5.58413,5.13491,1.65833,1.41785
21,14,0.96,4.3465,3.79859,1.04874,-0.857481
21,22,0.16,1.59526,1.13735,0.167746,-0.457856
21,24.75,12.32,12.6579,14.1434,13.1167,-0.617903
21,25.5,14.46,17.0192,19.188,15.8335,-0.882519
21,26,14.06,17.9745,20.2309,15.5236,-0.959193
21,34,2.43,7.94995,7.53445,2.7872,-1.30212
21,36,1.7,6.18869,5.5748,1.76267,-0.360895
21,38,1.27,4.81706,4.12399,1.11472,1.41192
21,46,0.18,1.76797,1.23477,0.1783,0.094662
22,0.25,4.06,7.31091,8.47726,4.05001,0.0250745
22,0.75,9.96,16.8645,19.569,10.116,-0.156906
22,1.25,12.85,21.9423,25.4266,14.1045,-0.904846
22,1.5,18.06,23.3932,27.0696,15.508,1.67415
22,2,16.7,24.8821,28.6721,17.4198,-0.420411
22,3,17.87,24.7037,28.096,18.7994,-0.502993
22,4,17.32,22.8196,25.4925,18.3488,-0.570429
22,5,14.96,20.5142,22.4386,17.0617,-1.25321
22,7,12.93,16.1456,16.8455,13.7933,-0.636689
22,12,8.31,8.64992,7.95666,7.20762,1.55549
22,16,5.23,5.24048,4.35403,4.19026,2.52245
22,18,2.89,4.07891,3.22076,3.19154,-0.960158
22,24.25,3.73,6.6763,6.83539,4.02786,-0.751708
22,24.75,9.06,12.8515,14.0451,7.93098,1.44787
22,25.25,10.58,16.0875,17.8162,10.4725,0.10442
22,25.5,11.8,16.9919,18.8578,11.3565,0.397248
22,26,13.5,17.8752,19.8371,12.5393,0.77942
22,27,12.34,17.5814,19.3229,13.3107,-0.741847
22,28,13.43,16.1857,17.4932,12.8947,0.422282
22,29,12.42,14.531,15.3832,11.9434,0.405905
22,31,8.77,11.4276,11.542,9.62199,-0.900668
22,36,4.99,6.12128,5.45087,5.01892,-0.0585835
22,40,2.69,3.70851,2.98281,2.91739,-0.791974
22,42,2.15,2.88651,2.20644,2.22202,-0.329179
22,48.25,5.03,9.1853,9.98115,5.30587,-0.52866
22,48.75,9.9,19.3844,21.8529,11.7702,-1.61632
22,49.25,16.41,24.7725,28.0974,16.0032,0.258612
22,49.5,19.49,26.2978,29.8379,17.4856,1.16625
22,50,20.32,27.8313,31.5104,19.4899,0.43331
22,51,20.53,27.5146,30.798,20.8791,-0.170127
22,52,18.01,25.3773,27.9173,20.3112,-1.15271
22,53,18.11,22.7997,24.5631,18.8539,-0.401412
22,55,16.92,17.9381,18.4358,15.2188,1.13721
22,60,7,9.60952,8.70728,7.94626,-1.21116
22,64,4.79,5.82184,4.76477,4.61937,0.375531
22,66,3.3,4.53141,3.5246,3.51836,-0.630785
23,0.25,12.03,5.64514,6.53571,12.4839,-0.369865
23,0.5,20.58,9.88125,11.4494,19.8682,0.36452
23,2,20.4,19.2128,22.128,22.9134,-1.11606
23,10,1.09,8.57982,8.30597,1.07058,0.183809
23,14,0.22,5.19875,4.54637,0.218485,0.0691632
23,16,0.09,4.04645,3.36307,0.0987004,-0.858547
23,22,0.01,1.90806,1.36124,0.00909937,0.677608
23,24.25,13.89,8.0099,8.57684,14.5342,-0.450881
23,24.5,24.74,12.8961,14.2601,23.1286,0.708865
23,26,28.28,23.5184,26.5004,26.6716,0.61358
23,34,1.09,10.4106,9.89062,1.24617,-1.27076
23,38,0.31,6.30803,5.41371,0.254318,2.18997
23,40,0.11,4.90985,4.00466,0.114888,-0.416899
23,46,0.01,2.31519,1.62093,0.0105917,-0.400959
23,48.25,16.25,8.68719,9.1904,15.3534,0.59412
23,48.5,25.71,13.8417,15.1891,24.432,0.53222
23,50,23.68,25.0249,28.0935,28.1744,-1.6231
23,58,1.2,11.0637,10.4778,1.31638,-0.896676
23,62,0.27,6.70377,5.73511,0.268647,0.0504036
23,64,0.14,5.21788,4.24241,0.121361,1.5079
23,70,0.01,2.46044,1.71716,0.0111885,-0.774567
24,0.75,14.93,19.6397,22.7357,17.7664,-1.62427
24,1.25,24.86,25.553,29.5591,25.0422,-0.0740135
24,5,35.1,23.8899,26.14,32.7816,0.719608
24,7,27.96,18.8025,19.6287,27.6028,0.131669
24,8,24.33,16.6113,16.9173,24.9143,-0.238611
24,9,20.28,14.6637,14.5637,22.3665,-0.94912
24,11,19.85,11.4174,10.7796,17.8709,1.12668
24,18,7.19,4.75012,3.75321,7.94714,-0.968991
24,22,4.94,2.87773,2.05369,4.98748,-0.0967951
24,24.75,15.61,13.1397,14.2074,13.6621,1.45041
24,25.25,16.04,16.3582,17.9656,17.5697,-0.885759
24,29,24.06,14.7002,15.4897,20.7352,1.63142
24,31,17.38,11.5593,11.6233,17.3494,0.0179579
24,32,15.05,10.2111,10.0168,15.6376,-0.382254
24,33,12.37,9.01343,8.62285,14.0264,-1.20137
24,35,11.46,7.01783,6.38221,11.1977,0.238318
24,42,5.4,2.91969,2.22212,4.97702,0.864081
24,46,3,1.76882,1.2159,3.12344,-0.401606
25,0.25,7.94,4.99733,5.76801,8.49024,-0.659171
25,0.5,12.25,8.74734,10.1082,14.0569,-1.30769
25,1,20.58,13.555,15.6741,19.7198,0.443834
25,3,19.81,16.8861,19.1952,18.7249,0.589561
25,6,9.26,12.4683,13.3369,11.0148,-1.62054
25,10,5.57,7.59525,7.35756,5.25996,0.59932
25,11,3.98,6.70152,6.32923,4.37191,-0.911328
25,12,3.8,5.9126,5.44405,3.63379,0.464911
25,16,1.74,3.5821,2.97909,1.73424,0.0336966
25,18,1.2,2.78811,2.20369,1.19808,0.0162673
25,24.25,13.63,9.32542,10.1519,14.0559,-0.308239
25,24.5,26.84,15.3278,17.1127,23.0074,1.69489
25,25,35.37,22.9984,26.0198,32.099,1.03686
25,27,31.58,28.1081,31.493,30.3948,0.39677
25,30,16.11,20.7077,21.8483,17.8762,-1.00521
25,34,8.8,12.6124,12.0514,8.53654,0.313904
25,35,6.64,11.1282,10.367,7.0953,-0.652608
25,36,7.14,9.81819,8.9171,5.89738,2.14264
25,40,2.66,5.94826,4.87961,2.81455,-0.557924
25,42,1.87,4.62981,3.60954,1.94439,-0.388472
26,0.5,11.12,8.09939,7.82167,12.9503,-1.43777
26,0.75,15.28,10.6737,10.3541,16.0877,-0.510784
26,1,19.8,12.5509,12.2254,17.9425,1.05325
26,1.5,21.62,14.8058,14.526,19.369,1.18241
26,3,18.28,15.6353,15.5621,17.3828,0.525105
26,5,11.71,12.9837,13.0279,13.1368,-1.10492
26,7,8.82,10.2187,10.2788,9.80451,-1.02139
26,10,5.84,7.03264,7.07929,6.31465,-0.76439
26,24.5,18.31,11.5106,11.1628,17.3292,0.57579
26,24.75,24.32,14.7705,14.3689,21.318,1.43273
26,25,23.65,17.1391,16.7297,23.666,-0.00689388
26,25.5,23.89,19.9602,19.6088,25.4424,-0.620835
26,27,22.17,20.849,20.7611,22.7718,-0.268867
26,29,15.94,17.2697,17.3308,17.2043,-0.747626
26,31,14.39,13.5864,13.6666,12.84,1.22808
26,34,8.55,9.34952,9.41158,8.26964,0.344821
26,48.5,27.85,16.9089,16.3915,25.5915,0.897927
26,48.75,28.94,21.7533,21.156,31.5171,-0.831991
26,49,33.58,25.2745,24.6656,35.007,-0.414769
26,49.5,37.3,29.4722,28.9495,37.6525,-0.0952578
26,51,29.79,30.8183,30.6869,33.7106,-1.18339
26,53,29.99,25.5339,25.6239,25.4696,1.80583
26,55,18.26,20.0888,20.2074,19.0086,-0.40067
26,58,12.44,13.8243,13.9161,12.2426,0.164041
27,1,23.26,23.5957,22.9602,22.3192,0.428854
27,7,21.34,19.2112,19.3285,20.016,0.672993
27,8,18.6,16.9724,17.0837,17.4829,0.650062
27,9,16.29,14.9824,15.0841,15.2318,0.706751
27,18,3.93,4.85338,4.88735,4.30988,-0.896037
27,25,14.29,16.5781,16.2001,15.382,-0.722266
27,31,12.61,12.8058,12.8848,13.043,-0.337756
27,32,11.24,11.3123,11.3868,11.3892,-0.133271
27,33,9.38,9.98552,10.0534,9.9213,-0.554967
27,42,2.99,3.23459,3.25723,2.8068,0.663188
28,0.25,22.42,7.77363,7.44779,22.1088,0.143227
28,0.5,35.13,13.607,13.105,33.4947,0.496775
28,1.5,46.17,24.8738,24.3671,40.5533,1.40929
28,6,15.66,19.3951,19.5001,17.6997,-1.17241
28,12,5.29,9.19738,9.264,5.5319,-0.444648
28,18,1.58,4.33707,4.36858,1.72895,-0.874472
28,22,0.89,2.62749,2.64659,0.79626,1.1914
29,0.25,3.4,4.90479,4.692,4.00035,-1.52553
29,0.75,10.61,11.3142,10.9365,9.22024,1.53315
29,1.5,14.77,15.6942,15.3629,12.8243,1.5434
29,3,13.68,16.5734,16.4861,13.7778,-0.0722051
29,4,13.61,15.3094,15.3167,12.953,0.515957
29,10,6.3,7.45459,7.50992,7.23191,-1.31054
29,12,5.61,5.80311,5.84669,5.90563,-0.509033
29,16,4.16,3.51576,3.54225,3.93755,0.57426
29,18,3.33,2.73648,2.7571,3.21517,0.362966
29,24.25,5.09,7.08079,6.83727,6.46173,-2.15883
29,24.75,13.97,14.6235,14.1835,12.5822,1.12207
29,25.5,17.59,19.7246,19.3389,16.7476,0.511761
29,27,16.75,20.5865,20.4895,17.6689,-0.529101
29,28,15.24,18.9796,18.9943,16.5641,-0.813239
29,34,10.06,9.22974,9.29828,9.23178,0.912532
29,36,6.13,7.18495,7.23891,7.53869,-1.90046
29,40,4.74,4.35293,4.38573,5.02639,-0.579305
29,42,3.93,3.38809,3.41362,4.10424,-0.431562
29,48.25,9.96,10.7101,10.3243,9.65087,0.325817
29,48.75,18.79,22.5883,21.8939,19.2936,-0.265555
29,49.5,23.84,30.6394,30.0306,25.8742,-0.799919
29,51,29.43,32.0549,31.9002,27.3845,0.760001
29,52,24.66,29.5646,29.5856,25.6851,-0.40606
29,58,13.63,14.381,14.4878,14.3197,-0.489996
29,60,12.42,11.195,11.2791,11.6935,0.63199
29,64,8.61,6.78239,6.83349,7.7966,1.06108
29,66,7.12,5.27905,5.31883,6.36623,1.20407
30,0.5,3.08,8.58535,8.24629,3.12407,-0.143336
30,0.75,4.42,11.3142,10.9236,4.36806,0.120893
30,1.5,6.85,15.6942,15.3513,7.12194,-0.388331
30,1.75,8.18,16.3253,16.0259,7.7788,0.524564
30,4,10.99,15.3094,15.3168,10.2917,0.690138
30,5,9.68,13.7627,13.8165,10.346,-0.654797
30,6,10.28,12.2374,12.3083,10.1233,0.157448
30,7,9.69,10.8319,10.9054,9.75167,-0.0643252
30,8,10.18,9.56953,9.63942,9.30608,0.955199
30,9,8.83,8.44755,8.51141,8.83015,-0.000177152
30,11,7.72,6.57742,6.62838,7.87657,-0.202178
30,20,4.41,2.12993,2.14655,4.53768,-0.286066
30,24.5,6.6,13.6851,13.2019,7.97246,-1.7509
30,24.75,9.88,17.6122,17.0539,9.72699,0.16001
30,25.5,14.22,23.8703,23.3804,13.5744,0.483843
30,25.75,12.82,24.7542,24.3273,14.4791,-1.1657
30,28,14.38,23.0236,23.0405,17.7164,-1.91597
30,29,18.85,20.6845,20.7681,17.6291,0.704577
30,30,19.68,18.3873,18.4951,17.1495,1.50121
30,31,14.34,16.2737,16.3847,16.4628,-1.31186
30,32,15.61,14.3765,14.4817,15.6775,-0.0438221
30,33,13.21,12.6907,12.7867,14.8565,-1.12746
30,35,15.1,9.88108,9.95765,13.2347,1.43378
30,44,7.19,3.19973,3.2247,7.61808,-0.571501
30,48.5,10.51,12.188,11.7927,9.53709,1.03765
30,48.75,9.76,15.427,14.9692,10.9507,-1.10602
30,49.5,13.46,20.5578,20.1563,14.0184,-0.405199
30,49.75,16.75,21.2704,20.921,14.7282,1.3965
30,52,18.51,19.6611,19.6793,17.0684,0.859254
30,53,14.29,17.6552,17.7283,16.8551,-1.5483
30,54,17.28,15.6913,15.7841,16.3241,0.595737
30,55,16.15,13.8864,13.9815,15.629,0.339139
30,56,15.82,12.2671,12.3571,14.8594,0.657676
30,57,15.23,10.8285,10.9105,14.0671,0.841031
30,59,10.76,8.43109,8.49644,12.5188,-1.42918
30,68,7.74,2.73018,2.75149,7.20126,0.760853
31,0.25,8.19,5.73768,5.47193,8.58881,-0.47229
31,0.5,15.15,10.0432,9.63356,14.1719,0.702151
31,1.25,20.59,17.2205,16.763,20.6781,-0.0433678
31,1.5,21,18.3592,17.9446,20.9933,0.00323337
31,1.75,22.74,19.0976,18.7353,20.8413,0.926898
31,3,15.49,19.3877,19.278,17.2146,-1.01922
31,6,9.23,14.3154,14.4012,8.53534,0.827797
31,9,3.75,9.88204,9.9593,4.0978,-0.862796
31,16,0.66,4.11278,4.14598,0.737701,-1.06547
31,20,0.3,2.49162,2.51173,0.276914,0.835055
32,1,11.07,15.0611,14.5803,10.9516,0.109995
32,2,13.54,18.8978,18.5914,13.5422,-0.00167863
32,3,12.12,18.7623,18.6524,13.1292,-0.781986
32,4,10.49,17.3313,17.3399,11.763,-1.1009
32,7,7.65,12.2625,12.3514,7.43687,0.291469
32,11,3.67,7.44613,7.5078,3.83299,-0.43224
32,12,3.47,6.56956,6.62418,3.24461,0.705956
32,20,0.95,2.41124,2.43136,0.854717,1.12861
32,22,0.51,1.87678,1.89244,0.612318,-1.68827
33,0.75,16.99,17.9319,17.2515,18.4408,-0.800428
33,1,23.79,21.0855,20.3914,21.526,1.07007
33,3,21.08,26.2672,26.108,25.0428,-1.61004
33,5,20.83,21.8125,21.9061,19.1938,0.8673
33,8,12.05,15.1668,15.2889,11.7395,0.269068
33,9,10.1,13.3886,13.5002,9.92302,0.181418
33,18,2.2,4.33707,4.37442,2.17197,0.131053
33,20,1.4,3.37574,3.40482,1.54945,-0.978735
33,22,1.2,2.62749,2.65013,1.10535,0.867944
34,0.5,5.33,10.3672,9.90401,5.12224,0.412399
34,0.75,7.25,13.6624,13.1284,7.15271,0.138331
34,1.5,10,18.9515,18.4813,11.5774,-1.38601
34,1.75,14.18,19.7136,19.3026,12.6002,1.27543
34,3,14.83,20.0131,19.8878,15.3775,-0.362185
34,5,15.12,16.6191,16.6924,15.2677,-0.0984085
34,8,11.76,11.5557,11.6516,11.8605,-0.0861842
34,10,8.27,9.00177,9.08051,9.45426,-1.27412
34,16,4.9,4.24545,4.28316,4.41008,1.12936
34,20,2.36,2.57199,2.59484,2.60008,-0.938047
34,24.5,6.62,12.4787,11.9996,6.87195,-0.372868
34,24.75,9.25,15.9347,15.3799,8.98254,0.302856
34,25.5,15.3,21.4271,20.9391,13.5524,1.31181
34,25.75,11.95,22.1971,21.7715,14.5982,-1.84549
34,27,16.32,22.3339,22.2103,17.3634,-0.611357
34,29,16.83,18.4906,18.5759,17.0071,-0.10595
34,32,14.46,12.8498,12.9568,13.1283,1.03192
34,34,11.47,10.0095,10.0971,10.4485,0.994447
34,40,5.62,4.72068,4.76262,4.86708,1.57282
34,44,2.46,2.8599,2.88531,2.86903,-1.44859
35,0.5,13.94,13.769,13.136,13.2531,0.527231
35,1,19.78,21.3365,20.5917,20.3241,-0.272398
35,1.5,22.47,25.1699,24.5269,23.9108,-0.613103
35,2,20.52,26.7719,26.2957,25.5393,-1.99965
35,4,26.82,24.5527,24.565,25.0128,0.735111
35,7,21.35,17.3718,17.5098,20.8115,0.263274
35,12,9.45,9.30688,9.39179,14.9924,-3.76092
35,16,9.68,5.63849,5.69011,11.5276,-1.63042
35,22,7.11,2.65877,2.68312,7.77211,-0.866438
35,24.5,14.27,10.8531,10.4613,15.1704,-0.603828
35,25,20.26,15.6317,15.1665,19.5327,0.37886
35,25.5,21.45,18.0013,17.6009,21.6472,-0.0926904
35,26,18.83,18.9338,18.6403,22.5014,-1.66007
35,28,23.71,17.1408,17.1602,21.4249,1.08518
35,31,21.46,12.1015,12.1987,17.7689,2.11339
35,36,13.89,6.48224,6.54139,12.7989,0.867228
35,40,9.82,3.9272,3.96315,9.84102,-0.0217244
35,46,6.85,1.85183,1.86879,6.63498,0.329571
35,48.5,15.44,9.93919,9.55689,13.8937,1.13223
35,49,18.46,14.5756,14.1228,18.1207,0.190484
35,49.5,19.46,16.8886,16.4986,20.1811,-0.363525
35,50,24.57,17.815,17.5283,21.0261,1.71485
35,52,20.48,16.1826,16.1982,20.0697,0.208024
35,55,16.26,11.4315,11.523,16.6497,-0.238133
35,60,12.39,6.1236,6.17948,11.9929,0.336839
35,64,10.03,3.70992,3.74389,9.22128,0.892064
35,70,5.61,1.74938,1.76539,6.21714,-0.993075
36,0.25,7.1,9.16178,8.67061,7.53469,-0.586748
36,1.5,29.06,29.3155,28.5448,27.7628,0.475407
36,3,35.45,30.9578,30.7513,33.348,0.641344
36,4,34.85,28.5967,28.6111,32.9621,0.582767
36,8,26.19,17.8752,18.0325,25.2599,0.374632
36,12,16.59,10.8398,10.9416,18.2466,-0.923669
36,24.25,13.92,11.035,10.5907,13.8136,0.0783732
36,25.5,30.38,29.8323,29.1194,32.369,-0.62524
36,27,38.16,31.0494,30.8689,36.9744,0.32628
36,28,35.25,28.6127,28.64,36.1884,-0.263843
36,32,24.15,17.857,18.0148,27.5032,-1.24051
36,36,23,10.8282,10.93,19.8569,1.61043
37,0.25,3.79,5.08988,4.80961,3.5141,0.797961
37,0.5,6.4,8.90933,8.47672,6.38833,0.0185723
37,1,11,13.806,13.2965,10.5973,0.386577
37,1.25,10.97,15.2763,14.7912,12.0874,-0.940377
37,1.75,16.88,16.9414,16.5562,14.1441,1.96779
37,7,11.93,11.2406,11.3351,11.3039,0.563447
37,9,7.96,8.76632,8.84859,8.71916,-0.885586
37,24.25,5.71,7.31307,6.99443,5.20282,0.991169
37,24.5,7.65,11.7869,11.2879,8.56365,-1.08515
37,25,13.6,17.4975,16.9069,13.4695,0.0985473
37,25.25,14.91,19.1987,18.6366,15.1981,-0.192876
37,25.75,19.61,21.097,20.6523,17.5673,1.18299
37,31,13.85,13.8414,13.9585,13.7684,0.0602776
37,33,9.66,10.7938,10.8952,10.6141,-0.914349
37,48.25,5.39,6.96538,6.68533,4.98331,0.829771
37,48.5,7.63,10.9439,10.5027,7.97051,-0.434513
37,49,10.45,16.0136,15.4904,12.3259,-1.5482
37,49.25,11.75,17.5192,17.0214,13.8578,-1.54737
37,49.75,15.36,19.1896,18.7962,15.9519,-0.37748
37,55,11.7,12.5396,12.6459,12.4185,-0.588594
37,57,10.94,9.77834,9.87028,9.57153,1.45429
38,0.5,11.23,12.959,12.3131,11.488,-0.228447
38,1,16.37,20.0814,19.3203,17.5026,-0.658366
38,1.25,21.05,22.22,21.4953,19.1822,0.990673
38,2,22.23,25.1971,24.709,21.0518,0.569435
38,6,10.17,18.4715,18.6071,12.138,-1.64938
38,9,6.29,12.751,12.874,6.81636,-0.785317
38,10,5.69,11.2522,11.3627,5.61006,0.144899
38,14,2.5,6.81803,6.88599,2.56987,-0.276193
38,18,1.1,4.13054,4.17174,1.17673,-0.66111
38,24.5,13.2,17.7042,16.9312,14.4035,-0.850021
38,25,22.19,26.3181,25.4029,21.7406,0.210298
38,25.25,26.41,28.8849,28.0137,23.7838,1.12346
38,26,22.38,32.3824,31.7996,26.0351,-1.42845
38,30,15.35,23.5461,23.7213,14.9821,0.249844
38,33,8.98,16.2507,16.4077,8.41293,0.685582
38,34,6.88,14.3404,14.4812,6.92405,-0.0646952
38,38,3.6,8.68917,8.77578,3.17177,1.37202
38,42,1.44,5.26412,5.31663,1.45234,-0.0862322
39,1,38.26,23.5957,22.6779,36.6461,0.448103
39,1.25,39.46,26.1085,25.2344,38.7977,0.173704
39,1.75,40.61,28.9544,28.2595,39.3791,0.31805
39,2,32.57,29.6066,29.0173,38.5164,-1.57091
39,4,24.43,27.1524,27.166,24.6953,-0.10929
39,5,20.65,24.4093,24.5319,18.5419,1.1567
39,10,4.15,13.2214,13.3547,4.06888,0.202658
39,12,2.09,10.2923,10.3974,2.20603,-0.534184
39,16,0.51,6.23551,6.29941,0.64827,-2.15582
39,18,0.35,4.85338,4.90313,0.351415,-0.0404794
39,22,0.12,2.94029,2.97043,0.103264,1.58148
40,0.5,12.63,13.607,15.6481,12.9043,-0.216231
40,0.75,12.61,17.9319,20.3404,16.5156,-2.40587
40,1.25,23.11,23.331,25.8313,20.3184,1.39786
40,1.5,22.26,24.8738,27.2497,21.0892,0.564821
40,1.75,20.01,25.8741,28.0739,21.3732,-0.64892
40,5,11,21.8125,22.1287,13.441,-1.8475
40,7,8.21,17.1675,17.1106,9.00162,-0.894497
40,10,5.16,11.8148,11.5347,4.88638,0.569324
40,11,4.98,10.4246,10.111,3.98467,2.53914
40,12,3.4,9.19738,8.86279,3.24927,0.471421
40,16,1.48,5.57215,5.23192,1.4366,0.30648
40,24.5,9.5,12.6121,14.0019,10.3927,-0.873719
40,24.75,12.12,15.951,17.6334,13.2175,-0.844715
40,25.25,16.74,20.0801,21.8424,16.1821,0.350773
40,25.5,16.96,21.2384,22.9067,16.7769,0.111036
40,25.75,18.76,21.9721,23.5058,16.9897,1.06008
40,29,10.22,18.2315,18.3302,10.662,-0.421703
40,31,7.68,14.3395,14.1689,7.14002,0.769134
40,34,3.29,9.8673,9.55114,3.8758,-1.53634
40,35,3.23,8.70617,8.37223,3.16058,0.223217
40,36,2.18,7.68124,7.33868,2.57727,-1.56594
40,40,1.07,4.6536,4.3322,1.13949,-0.618176
40,48.5,14.64,17.1551,19.2969,14.9489,-0.210217
40,48.75,19.72,22.0484,24.6138,19.0661,0.34893
40,49.25,28.24,28.1244,30.8019,23.3936,2.10781
40,49.5,22.3,29.8425,32.3814,24.266,-0.824331
40,49.75,27.16,30.9421,33.2833,24.5824,1.06688
40,53,15.72,25.8415,26.0711,15.4414,0.183541
40,55,10.3,20.3305,20.1551,10.341,-0.0402963
40,58,5.31,13.9906,13.5867,5.61339,-0.549572
40,59,3.83,12.3443,11.9097,4.57752,-1.66022
40,60,4.03,10.8911,10.4395,3.7327,0.809551
40,64,1.78,6.59825,6.16267,1.65034,0.797373
41,1.25,28.63,24.1643,26.7334,27.0006,0.614032
41,1.75,28.31,26.7982,29.0619,28.6804,-0.131391
41,3,29.12,27.2053,28.4691,28.1837,0.338034
41,7,20.23,17.7806,17.7256,21.7298,-0.702243
41,8,21.05,15.7085,15.5474,20.2997,0.376025
41,10,15.72,12.2368,11.9494,17.7149,-1.14572
41,14,15.09,7.41461,7.05437,13.4906,1.20607
41,16,9.18,5.77116,5.42003,11.7727,-2.24034
41,18,11.58,4.49196,4.16434,10.2736,1.29346
42,0.25,12.66,8.42143,9.80023,12.7852,-0.0996266
42,1.75,35.87,28.0303,30.3826,38.1391,-0.60539
42,6,25.76,21.0114,21.1192,25.1119,0.26261
42,8,20.75,16.4307,16.2659,18.9989,0.937755
42,9,17.54,14.5043,14.2612,16.5131,0.632658
42,11,11.71,11.2933,10.9587,12.4715,-0.621161
42,16,6.24,6.0365,5.67055,6.18102,0.097041
42,18,4.53,4.69849,4.35681,4.66782,-0.300176
42,24.25,13.59,9.18049,10.0968,12.6188,0.782957
42,25.75,35.96,25.1892,26.9436,33.4249,0.771721
42,30,22.76,18.5927,18.5343,21.8384,0.429376
42,32,17.04,14.5355,14.2733,16.521,0.319575
42,33,13.44,12.8308,12.5141,14.3594,-0.651373
42,35,9.04,9.99015,9.61604,10.8449,-1.69295
42,40,4.91,5.33991,4.97581,5.37484,-0.879375
42,42,4.31,4.1563,3.82303,4.059,0.628592
42,48.25,14.49,10.5059,11.6934,14.7541,-0.182085
42,49.75,39.27,30.2203,32.4273,40.3447,-0.271053
42,54,27.7,22.3973,22.3698,26.4167,0.494288
42,56,20.07,17.5111,17.2276,19.985,0.0432747
42,57,16.55,15.4577,15.1043,17.3702,-0.480372
42,59,15.68,12.0354,11.6064,13.1188,1.98611
42,64,6.26,6.43317,6.00575,6.5018,-0.378194
42,66,5.07,5.00724,4.61435,4.91007,0.331173
43,0.25,3.95,4.81225,5.59173,3.79272,0.421509
43,0.5,6.57,8.42336,9.64952,6.6835,-0.172706
43,0.75,7.39,11.1007,12.5503,8.86076,-1.6883
43,1.25,12.86,14.443,15.954,11.6433,1.06305
43,3,13.44,16.2607,17.013,13.3142,0.096134
43,5,10.69,13.503,13.7053,10.9845,-0.272769
43,7,8.63,10.6275,10.5992,8.49072,0.166846
43,10,6.39,7.31394,7.1455,5.65173,1.32827
43,11,4.16,6.45332,6.26355,4.92934,-1.58685
44,0.25,10.03,7.68109,8.91188,9.36647,0.720568
44,1,22.93,20.8345,23.2499,23.7564,-0.353944
44,2,21.47,26.142,28.0729,27.121,-2.12005
44,8,9.39,14.9862,14.8426,8.30378,1.33047
44,12,2.97,9.08789,8.76545,3.27245,-0.939278
44,14,2.34,7.07371,6.73474,2.05301,1.41951
44,20,0.51,3.33555,3.05459,0.506861,0.062481
44,22,0.29,2.59621,2.34691,0.31797,-0.88288
45,0.25,9.73,8.51397,9.86342,10.3246,-0.585825
45,0.75,25.29,19.6397,22.1557,23.0558,0.985957
45,1.25,24.83,25.553,28.1828,29.312,-1.55581
45,2,38.64,28.9767,31.1044,32.6103,1.8814
45,4,31.97,26.5747,27.3171,30.2941,0.56287
45,5,27.01,23.8899,24.2556,27.9412,-0.339098
45,6,22.39,21.2423,21.3641,25.6307,-1.28645
45,7,24.15,18.8025,18.7607,23.469,0.295249
45,18,7.95,4.75012,4.40778,8.82085,-1.00417
45,20,8.17,3.69724,3.3866,7.38254,1.08482
46,0.25,7.15,8.1438,9.42042,8.21014,-1.31332
46,0.5,15.17,14.2549,16.2668,14.5094,0.463165
46,0.75,19.56,18.7858,21.169,19.266,0.155269
46,2,27.62,27.7168,29.7401,28.6751,-0.374366
46,3,31.33,27.518,28.7831,27.81,1.28787
46,4,23.25,25.4193,26.1313,24.5769,-0.549334
46,5,18.45,22.8512,23.2047,20.8219,-1.15898
46,8,13.76,15.889,15.744,11.5514,1.94495
46,9,8.19,14.0261,13.8039,9.38782,-1.29783
46,10,7.61,12.3774,12.1009,7.61572,-0.00763628
46,11,5.81,10.921,10.6073,6.17197,-0.596392
46,14,3.39,7.49984,7.1438,3.2772,0.349781
46,16,2,5.8375,5.48875,2.14749,-0.697498
46,18,1.41,4.54359,4.21713,1.40704,0.0213637
46,20,0.95,3.53649,3.24012,0.921854,0.309223
47,0.25,13.04,6.57057,7.58916,11.1545,1.71952
47,0.5,17.89,11.5011,13.1074,19.0755,-0.632287
47,1,27.9,17.8223,19.8332,28.2595,-0.129421
47,1.5,32.02,21.0243,22.9307,31.9343,0.0272985
47,8,12.66,12.8196,12.7054,12.2046,0.379546
47,9,9.37,11.3165,11.1398,10.0723,-0.709237
47,10,9.37,9.98634,9.76547,8.31059,1.29657
47,12,5.68,7.77398,7.50343,5.65645,0.0423395
47,14,3.45,6.05101,5.7651,3.84968,-1.05533
47,22,0.7,2.22086,2.00901,0.8259,-1.54302
47,24.25,12.5,9.35638,10.3654,13.5754,-0.805896
47,24.5,27.07,15.0686,16.7679,22.81,1.90016
47,25,30.21,22.3595,24.5383,33.4994,-0.999119
47,25.5,34.8,26.0101,28.0731,37.7528,-0.795857
47,32,14.46,15.6207,15.3907,14.388,0.0509177
47,33,13.46,13.7889,13.4941,11.8741,1.35862
47,34,8.91,12.168,11.8293,9.79726,-0.921183
47,36,7,9.47224,9.08915,6.66832,0.505834
47,38,4.49,7.37287,6.98345,4.53835,-0.108303
47,46,1.11,2.70601,2.43358,0.973644,1.41872
47,48.25,11.8,8.61183,9.39834,11.786,0.0120937
47,48.5,20.29,13.4794,14.858,19.6773,0.316773
47,49,22.35,19.6804,21.4721,28.8061,-2.28042
47,49.5,33.1,22.7696,24.4652,32.4308,0.209946
47,56,11.78,13.5926,13.357,12.3468,-0.467
47,57,10.35,11.9985,11.7109,10.1896,0.160157
47,58,9.84,10.588,10.2661,8.40734,1.73321
47,60,5.98,8.24229,7.88807,5.72229,0.457946
47,62,3.76,6.41552,6.06063,3.8945,-0.351043
47,70,0.8,2.35464,2.11199,0.835514,-0.43028
48,0.25,14.89,8.88415,10.246,13.6048,0.960999
48,0.75,28.23,20.4936,23.0427,29.5498,-0.454431
48,1.25,36.58,26.664,29.3399,36.5321,0.0133542
48,1.75,30.35,29.5704,31.9538,38.8164,-2.21938
48,4,35.02,27.7302,28.5111,32.2826,0.862798
48,7,24.67,19.62,19.5893,21.0404,1.75513
48,9,13.74,15.3012,15.0658,15.6971,-1.26845
48,12,9.83,10.5113,10.1479,10.1094,-0.281149
48,14,7.25,8.18164,7.7969,7.53905,-0.389941
48,18,4.23,4.95665,4.60267,4.19272,0.0903782
48,20,3.27,3.85799,3.53634,3.1267,0.46574
48,22,2.29,3.00285,2.71705,2.33172,-0.181722
49,0.25,4.2,4.62716,5.32844,4.13296,0.164884
49,1.25,12.02,13.8875,15.2693,11.2599,0.686652
49,1.5,9.52,14.8058,16.1278,11.8255,-1.98328
49,2,13.41,15.7482,16.8772,12.3212,0.898987
49,3,12.42,15.6353,16.3494,12.0953,0.273053
49,7,9.15,10.2187,10.205,8.94759,0.230091
49,9,7.3,7.96938,7.84859,7.60367,-0.406182
49,22,2.7,1.56398,1.41546,2.63724,0.241771
49,24.25,10,9.60121,10.75,9.7176,0.295596
49,25.25,23.26,26.3161,28.7126,22.5169,0.335755
49,25.5,22.7,27.9554,30.2451,23.5055,-0.348684
49,26,26.17,29.6092,31.552,24.3284,0.770181
49,27,18.51,29.2921,30.4883,23.7685,-2.25099
49,31,18.8,19.1045,19.0055,17.5516,0.723637
49,33,13.66,14.8984,14.6166,14.9152,-0.856147
49,46,5.01,2.92377,2.63604,5.17315,-0.320661
49,48.25,8.4,6.92523,7.39471,8.52248,-0.14617
49,49.25,15.97,16.1111,17.2925,15.4551,0.338949
49,49.5,15.86,16.9877,18.1125,15.952,-0.0586583
49,50,16.31,17.8344,18.7708,16.3023,0.00483229
49,51,15.26,17.5107,18.0403,15.7798,-0.335112
49,55,11.68,11.3698,11.2143,11.6118,0.0597191
49,57,11.43,8.86565,8.6242,9.86741,1.6108
49,70,3.38,1.73981,1.55532,3.42238,-0.125853
50,0.25,6.4,6.20039,8.23232,6.9495,-0.804136
50,0.5,12.88,10.8532,14.1859,12.4546,0.347476
50,1,20.05,16.8182,21.3509,20.1686,-0.0598177
50,2,31.54,21.1026,25.476,27.3164,1.57321
50,4,19.52,19.3533,21.6303,28.1508,-3.11952
50,5,30.32,17.3981,18.8375,26.5154,1.45991
50,6,23.5,15.4699,16.2617,24.598,-0.454152
50,7,23.73,13.6931,13.9906,22.6582,0.481275
50,12,15.14,7.33601,6.53319,14.6365,0.34996
50,14,12.56,5.7101,4.81514,12.2625,0.246824
50,16,10.56,4.44446,3.54886,10.2726,0.284589
50,24.25,10.85,7.68876,9.1174,11.7938,-0.814072
50,24.5,18.68,12.2233,14.9444,17.1084,0.934573
50,25,25,18.0063,21.9312,24.4977,0.20863
50,26,30.06,22.0573,25.8675,31.1464,-0.354918
50,28,27.75,20.0527,21.8762,31.2807,-1.14846
50,29,31.55,18.0103,19.0447,29.3689,0.755655
50,30,30.81,16.0082,16.4382,27.2047,1.34842
50,31,24.52,14.1673,14.1417,25.0419,-0.212042
50,36,13.47,7.58921,6.60351,16.1663,-1.69679
50,38,14.54,5.90718,4.86697,13.5439,0.748169
50,40,11.51,4.59785,3.58706,11.3461,0.146971
51,0.25,17.76,9.06923,12.0232,16.782,0.592907
51,1,36.02,24.5997,31.2007,42.0649,-1.46224
51,1.25,42.57,27.2195,34.0648,45.5458,-0.664835
51,1.5,51.04,29.0194,35.8581,47.617,0.731463
51,1.75,48.18,30.1865,36.8509,48.6697,-0.102391
51,3,42.21,30.6451,35.4863,46.3894,-0.916745
51,4,45.55,28.3079,31.6415,41.6039,0.96511
51,6,29.42,22.6276,23.7914,32.1809,-0.872957
51,10,20.34,13.784,12.9685,18.8672,0.7942
51,11,17.54,12.162,11.134,16.5043,0.638434
51,14,10.43,8.35209,7.04502,11.0473,-0.568368
51,16,8.04,6.50085,5.19233,8.45326,-0.497244
51,18,6.24,5.05991,3.82685,6.46836,-0.359029
51,22,3.33,3.06541,2.07874,3.78734,-1.22742
51,24.25,11.85,8.60531,9.81737,14.4473,-1.82895
51,25,28.62,19.1742,22.9647,31.723,-0.995263
51,25.25,31.59,20.9271,24.9029,34.0549,-0.736476
51,25.5,34.35,22.1131,26.0998,35.4114,-0.304985
51,25.75,41.52,22.8619,26.7431,36.0638,1.53942
51,27,35.96,22.9023,25.5925,34.1284,0.546084
51,28,34.84,21.0877,22.7875,30.5649,1.42317
51,30,23.08,16.8259,17.1217,23.628,-0.235996
51,34,12.87,10.246,9.3317,13.8518,-0.721043
51,35,13.1,9.04028,8.01164,12.117,0.825277
51,38,7.31,6.20825,5.06936,8.11058,-1.00395
51,40,5.77,4.83219,3.73623,6.20615,-0.714651
51,42,5.41,3.76112,2.75367,4.74889,1.41538
51,46,3.01,2.27857,1.49579,2.78056,0.838387
51,48.25,13.62,7.27142,8.42232,12.3323,1.06217
51,49,28.92,16.6257,20.0489,27.6152,0.48075
51,49.25,30.04,18.1814,21.767,29.6852,0.121628
51,49.5,38.85,19.2367,22.8309,30.894,2.62031
51,49.75,30.22,19.9058,23.4059,31.4813,-0.407646
51,51,24.63,19.9802,22.4239,29.8258,-1.77253
51,52,26.15,18.4058,19.9712,26.7176,-0.216151
51,54,20.48,14.6899,15.0075,20.6559,-0.0866294
51,58,10.99,8.9458,8.17962,12.1095,-0.940444
51,59,12.37,7.89311,7.02253,10.5929,1.7065
51,62,8.15,5.42046,4.4435,7.09043,1.51978
51,64,4.99,4.21901,3.27496,5.42554,-0.81625
51,66,3.7,3.28385,2.41371,4.15157,-1.10573
51,70,2.65,1.98943,1.31112,2.43082,0.915909
52,0.25,12.9,4.7197,6.24758,12.3546,0.449091
52,1,30.43,12.8019,16.222,29.3186,0.385704
52,1.25,27.68,14.1653,17.7139,31.1598,-1.13631
52,1.75,31.18,15.7093,19.1677,32.0659,-0.281118
52,3,30.96,15.948,18.4659,27.756,1.17453
52,4,21.48,14.7316,16.4681,23.0134,-0.677919
52,9,9.47,8.12877,7.86244,8.01878,1.84069
52,11,5,6.32921,5.79583,5.23277,-0.452298
52,12,4.25,5.58413,4.97581,4.22702,0.0552612
52,14,2.64,4.3465,3.66731,2.75827,-0.435658
52,16,1.81,3.38309,2.70289,1.79986,0.0571807
52,18,1.11,2.63322,1.99208,1.17447,-0.556495
53,1.25,31,23.0533,28.8061,29.0064,0.699322
53,1.75,25.98,25.5661,31.1785,31.3466,-1.74198
53,2,33.46,26.142,31.5219,31.7472,0.548946
53,3,32.79,25.9545,30.0499,30.8879,0.626567
53,4,25.88,23.975,26.8038,28.5413,-0.948731
53,6,24.82,19.1642,20.1596,23.516,0.564199
53,8,21.5,14.9862,14.9039,19.2146,1.21012
53,11,14.64,10.3005,9.43508,14.1732,0.335051
53,12,9.85,9.08789,8.10017,12.8056,-2.34796
53,14,9.7,7.07371,5.97006,10.4535,-0.733236
53,16,9.75,5.50582,4.40006,8.53345,1.45002
53,18,6.78,4.28544,3.24293,6.96605,-0.27162
54,0.25,14.18,5.73768,7.57228,12.9798,0.94062
54,1,25.97,15.5631,19.6841,25.7752,0.07689
54,2,24.88,19.5278,23.537,24.73,0.0617037
54,3,19.52,19.3877,22.4451,20.8785,-0.662018
54,4,17.84,17.9091,20.0241,17.2987,0.318343
54,5,15.46,16.0997,17.4453,14.2897,0.83314
54,10,4.99,8.72047,8.21143,5.48109,-0.911046
54,11,3.98,7.69434,7.04988,4.52508,-1.22462
54,18,1.31,3.20117,2.42311,1.18287,1.08962
54,20,0.76,2.49162,1.78588,0.806223,-0.58026
54,22,0.62,1.93934,1.31623,0.549507,1.29505
54,24.25,18.48,9.60673,11.6815,18.78,-0.162533
54,25,35.91,23.4213,28.7715,36.8934,-0.271218
54,26,35.09,28.8917,34.1223,35.356,-0.0765398
54,27,26.83,28.5546,32.4714,29.8448,-1.02782
54,28,22.5,26.3338,28.9482,24.727,-0.916362
54,29,24.44,23.658,25.2134,20.4259,1.99946
54,34,8.05,12.8086,11.8659,7.83471,0.279485
54,35,5.24,11.3014,10.1874,6.46817,-1.93097
54,42,1.61,4.70186,3.50151,1.6908,-0.485064
54,44,1.29,3.65967,2.58068,1.15242,1.21024
54,46,0.73,2.84849,1.90201,0.785468,-0.71461
54,48.25,19.11,10.2925,12.0971,18.9333,0.0949415
54,49,32.42,24.0456,29.1421,37.0262,-1.26582
54,50,42.3,29.4425,34.4405,35.4656,1.96081
54,51,32,29.0405,32.7446,29.9353,0.701792
54,52,20.66,26.7625,29.1827,24.8017,-1.69909
54,53,20.5,24.0362,25.4147,20.4875,0.00618936
54,58,9.18,13.0108,11.9598,7.85836,1.71053
54,59,6.19,11.4798,10.268,6.4877,-0.466647
54,66,1.93,4.77605,3.52921,1.69591,1.40102
54,68,1.01,3.71742,2.6011,1.1559,-1.27959
54,70,0.71,2.89344,1.91706,0.78784,-0.999828
55,0.25,8.18,5.36751,7.07309,8.43215,-0.304153
55,1.25,24.86,16.1095,20.0982,23.9441,0.389184
55,1.5,26.53,17.1748,21.1681,25.0363,0.607013
55,1.75,21.86,17.8655,21.765,25.4885,-1.44846
55,2,24.43,18.2679,22.0095,25.4562,-0.410153
55,4,19.26,16.7536,18.7341,18.1953,0.595352
55,10,3.19,8.15786,7.68382,3.10724,0.270658
55,11,2.28,7.19793,6.59691,2.27352,0.0289375
55,16,0.46,3.84744,3.07648,0.473435,-0.28611
55,20,0.12,2.33087,1.67114,0.134684,-1.07418
55,22,0.08,1.81422,1.23166,0.0718315,1.09006
55,24.25,8.2,6.73605,7.94688,8.46757,-0.321397
55,25.25,22.77,17.3169,20.8484,23.97,-0.509356
55,25.5,22.56,18.3449,21.8902,25.0603,-1.01512
55,25.75,24.16,18.9995,22.4601,25.5106,-0.538687
55,26,27.84,19.367,22.6786,25.4766,0.943876
55,28,17.56,17.6091,19.2271,18.2062,-0.361085
55,34,3.15,8.56125,7.88123,3.10889,0.134365
55,35,2.21,7.55382,6.76638,2.27473,-0.289017
55,40,0.51,4.03765,3.15551,0.473686,0.772931
55,44,0.13,2.4461,1.71407,0.134755,-0.347688
55,46,0.07,1.90392,1.2633,0.0718696,-0.249364
55,48.25,14.69,9.85764,11.9937,13.2652,1.09268
55,49.25,38.11,26.5423,32.3028,37.5934,0.139833
55,49.5,40.82,28.1746,33.9526,39.3051,0.392181
55,49.75,43.77,29.2204,34.8614,40.0127,0.955474
55,50,44.5,29.8151,35.2184,39.9603,1.15597
55,52,25.23,27.1836,29.8988,28.5586,-1.18592
55,58,5.71,13.2227,12.2581,4.87681,1.73704
55,59,2.87,11.6668,10.5242,3.56829,-1.98898
55,64,0.83,6.23612,4.90795,0.743054,1.1837
55,68,0.21,3.77798,2.66599,0.211386,-0.0653488
55,70,0.11,2.94058,1.96489,0.112739,-0.237917
56,0.25,11.81,8.60652,11.3243,12.2569,-0.370932
56,1.25,32.08,25.8308,32.2013,29.4823,0.896521
56,2,33.39,29.2916,35.2768,30.5307,0.952912
56,3,31.95,29.0816,33.6621,28.7159,1.14592
56,4,27.14,26.8636,30.042,26.26,0.340955
56,10,15.88,13.0807,12.3241,14.7352,0.790401
56,11,11.66,11.5415,10.5808,13.3781,-1.3065
56,18,5.59,4.80175,3.63673,6.80259,-1.8128
56,20,5.19,3.73743,2.68034,5.6073,-0.756737
56,22,4.51,2.90901,1.97547,4.62204,-0.246435
56,24.25,13.9,7.93207,8.95099,11.8903,1.71942
56,25.25,23.11,19.1565,22.6707,23.0313,0.0347568
56,26,20.52,21.2901,24.591,23.4943,-1.28804
56,27,20.15,20.9425,23.3627,21.9952,-0.853534
56,28,19.82,19.2808,20.8189,20.0953,-0.139397
56,34,12.51,9.36728,8.53268,11.2733,1.11597
56,35,9.13,8.26499,7.32568,10.235,-1.09823
56,42,5.56,3.43856,2.51791,5.20437,0.694792
56,44,4.84,2.67639,1.85575,4.28991,1.30357
56,46,3.53,2.08316,1.36773,3.53612,-0.0176028
56,48.25,13.29,9.43759,11.3205,14.0478,-0.548786
56,49.25,26.73,24.9951,30.2643,29.5294,-0.964573
56,50,26.92,28.0339,32.9852,30.307,-1.13713
56,51,28.94,27.6933,31.4043,28.4271,0.183578
56,52,26.56,25.535,28.0053,25.9816,0.226524
56,58,13.84,12.4187,11.4832,14.5768,-0.514237
56,59,13.52,10.9573,9.85881,13.2344,0.219571
56,66,6.77,4.5587,3.38858,6.72948,0.0612339
56,68,6.09,3.54825,2.49745,5.54704,0.995305
56,70,4.49,2.76176,1.84067,4.57236,-0.183136
57,1.75,34.17,21.5618,26.241,33.9981,0.0514512
57,4,27.54,20.2199,22.6145,28.2986,-0.272749
57,6,23.49,16.1626,17.0185,21.4495,0.967904
57,7,18.53,14.3062,14.644,18.5954,-0.0357828
57,9,13.96,11.1571,10.8067,13.9585,0.00106552
57,18,4.46,3.61422,2.7381,3.8339,1.65995
57,20,2.53,2.81312,2.01804,2.87691,-1.22523
57,22,2.09,2.18958,1.48733,2.15879,-0.32363
58,0.25,10.84,5.55259,7.28402,9.98479,0.871242
58,0.5,16.81,9.71926,12.5726,17.091,-0.167252
58,1,26.57,15.0611,18.9779,25.423,0.459028
58,1.25,28.79,16.665,20.7426,27.6115,0.434261
58,1.75,29.7,18.4815,22.4806,29.6017,0.0337869
58,2,25.83,18.8978,22.7407,29.8066,-1.35748
58,3,29.54,18.7623,21.7138,28.0682,0.53355
58,4,23.58,17.3313,19.3857,24.844,-0.517641
58,8,14.95,10.8334,10.7887,13.6231,0.990902
58,10,11.26,8.43916,7.95552,9.99893,1.28289
58,12,7.54,6.56956,5.86384,7.33705,0.281326
58,14,5.33,5.11353,4.32182,5.38362,-0.101265
58,16,3.78,3.98011,3.18528,3.95025,-0.438105
58,20,2.16,2.41124,1.73024,2.1268,0.158544
58,22,1.39,1.87678,1.27522,1.56055,-1.10899
58,24.25,15.35,9.65208,11.7093,15.9124,-0.359544
58,24.5,22.04,15.789,19.5202,26.4114,-1.68403
58,25,45.13,23.6293,28.9574,38.6917,1.69316
58,25.25,44.95,25.9688,31.5448,41.9007,0.740497
58,25.75,39.72,28.5874,34.0658,44.7825,-1.1503
58,26,47.22,29.1688,34.4247,45.0534,0.489336
58,27,30.61,28.8339,32.8035,42.3541,-2.82146
58,28,33.18,26.5931,29.266,37.4684,-1.16458
58,32,21.18,16.6057,16.2805,20.5395,0.317294
58,34,14.41,12.9354,12.0051,15.0753,-0.448961
58,36,10.74,10.0697,8.84867,11.062,-0.296092
58,38,8.13,7.83787,6.52173,8.11682,0.0165141
58,40,6.76,6.1006,4.80665,5.95575,1.37317
58,44,3.27,3.69589,2.61097,3.20655,0.201094
58,46,2.29,2.87668,1.92434,2.35282,-0.27119
59,0.5,9,14.4169,18.6252,8.86703,0.152533
59,0.75,13.45,18.9992,24.2226,11.9911,1.23765
59,1,13.77,22.3406,28.1241,14.4578,-0.483992
59,1.25,15.95,24.7198,30.744,16.3914,-0.27398
59,1.5,17.56,26.3544,32.3986,17.8928,-0.189254
59,2,18.89,28.0318,33.7182,19.9118,-0.522101
59,5,18.44,23.1109,25.0666,20.6828,-1.10325
59,7,19.23,18.1893,18.6287,18.631,0.327098
59,8,17.91,16.0696,16.0076,17.5764,0.193106
59,9,16.98,14.1855,13.7476,16.5594,0.258378
59,20,8.92,3.57668,2.56725,8.49738,0.505862
59,24.5,13.42,10.4586,12.1742,11.6458,1.54978
59,24.75,12.04,13.0732,15.3963,13.3736,-1.01447
59,25,14.12,14.9646,17.6292,14.7189,-0.41395
59,25.25,15.62,16.2957,19.1152,15.7541,-0.086616
59,25.5,13.43,17.1936,20.0388,16.5383,-1.91208
59,26,21.87,18.0647,20.7283,17.5359,2.51454
59,29,19.98,14.6611,15.296,17.0031,1.78123
59,31,13.96,11.5289,11.3635,15.2416,-0.855449
59,32,13.66,10.1842,9.76425,14.3687,-0.501771
59,33,13.52,8.98978,8.38556,13.5329,-0.00972056
59,44,7.13,2.26657,1.56592,6.94239,0.27483
59,48.5,11.77,11.333,13.763,11.459,0.276091
59,48.75,13.59,14.4854,17.6328,13.5557,0.025734
59,49,12.44,16.7745,20.3223,15.1957,-1.84493
59,49.25,15.59,18.3946,22.1201,16.4655,-0.540935
59,49.5,19.3,19.4971,23.2464,17.4353,1.08806
59,50,17.13,20.5965,24.116,18.6931,-0.850745
59,53,19.98,16.8337,17.8588,18.4269,0.857524
59,55,14.9,13.2425,13.2697,16.5378,-1.00756
59,56,18.03,11.6985,11.4024,15.5934,1.58969
59,57,12.45,10.3267,9.79245,14.6876,-1.54986
59,68,7.6,2.60367,1.82865,7.53525,0.0873896
60,0.25,6.2,8.23635,10.7721,6.4923,-0.457858
60,0.75,16.96,18.9992,24.1957,16.1269,0.52555
60,1.75,27.56,27.4142,33.3115,26.348,0.468032
60,4,26.93,25.7082,28.7611,29.7311,-0.958618
60,5,33.33,23.1109,25.0714,28.198,1.85181
60,9,22.78,14.1855,13.7515,19.9472,1.44486
60,14,12.59,7.58506,6.41436,12.2184,0.309405
60,18,7.67,4.59523,3.48428,8.22487,-0.686155
60,22,5.03,2.78389,1.89266,5.53537,-0.928346
60,24.25,10.96,9.7811,11.3886,10.4846,0.461236
60,24.75,19.17,19.6909,23.8086,19.2557,-0.0452943
60,25.75,26.89,27.3063,32.1338,28.3903,-0.537706
60,28,27.19,25.2877,27.5798,30.7828,-1.18756
60,29,23.21,22.711,24.0317,29.065,-2.04967
60,33,19.99,13.9308,13.1778,20.4653,-0.236282
60,38,13.46,7.44871,6.14671,12.5301,0.754925
60,42,9.23,4.51262,3.33889,8.43454,0.959229
60,46,5.76,2.73385,1.81368,5.67647,0.149633
61,0.25,5.53,4.7197,6.1635,6.00605,-0.806013
61,1,17.89,12.8019,16.0857,16.5055,0.853369
61,2,20.23,16.0632,19.3058,20.9828,-0.365036
61,4,19.65,14.7316,16.4826,19.5329,0.061
61,6,18.5,11.7756,12.4112,15.7202,1.79896
61,9,10.52,8.12877,7.88228,10.9115,-0.36499
61,10,8.44,7.17329,6.76795,9.64324,-1.26918
61,12,7.16,5.58413,4.98853,7.5283,-0.497557
61,16,4.79,3.38309,2.70981,4.58648,0.451122
61,18,3.7,2.63322,1.99718,3.57982,0.34121
62,1,29.09,24.8508,31.1958,25.1752,1.58217
62,1.25,30.86,27.4973,34.1178,27.8409,1.10335
62,1.5,29.44,29.3155,35.969,29.6204,-0.0619598
62,1.75,33.33,30.4945,37.0156,30.7025,0.870757
62,3,24.84,30.9578,35.8153,30.0282,-1.75799
62,4,27.05,28.5967,31.9987,26.4214,0.242075
62,5,19.15,25.7076,27.8992,22.366,-1.46298
62,7,12.35,20.2331,20.7384,15.3012,-1.96222
62,8,14.27,17.8752,17.821,12.5379,1.40535
62,9,9.77,15.7794,15.3052,10.2485,-0.474973
62,10,8.25,13.9246,13.1415,8.36658,-0.141726
62,11,5.6,12.2861,11.2827,6.8257,-1.8262
62,18,1.51,5.11154,3.87799,1.63489,-0.775288
62,20,1.05,3.97855,2.85816,1.08659,-0.341255
62,22,0.74,3.09669,2.10652,0.722167,0.249769
62,25,15.17,16.9365,19.9243,15.3947,-0.148493
62,25.25,16.79,18.4481,21.6158,16.9639,-0.104286
62,25.5,16.34,19.4682,22.671,18.0058,-0.941257
62,25.75,17.51,20.1092,23.2485,18.6332,-0.613269
62,27,15.9,20.1047,22.3268,18.1556,-1.264
62,28,16.9,18.5027,19.9133,15.9581,0.600487
62,29,12.89,16.609,17.3508,13.5021,-0.461174
62,31,9.23,13.0608,12.8928,9.2338,-0.0041818
62,32,8.7,11.5375,11.0787,7.56574,1.52476
62,33,7.85,10.1843,9.51458,6.18407,2.73948
62,34,6.19,8.98706,8.16945,5.04839,2.29922
62,35,4.39,7.9295,7.01387,4.11858,0.669917
62,42,0.95,3.29898,2.41075,0.986473,-0.374574
62,44,0.69,2.56775,1.77677,0.655632,0.529859
62,46,0.35,1.9986,1.30952,0.435746,-1.98238
62,49,17.21,17.4376,20.9956,16.511,0.430715
62,49.25,16.89,19.1061,22.8535,18.2225,-0.743975
62,49.5,19.3,20.2405,24.0204,19.3617,-0.0324211
62,49.75,20.84,20.9629,24.6682,20.0507,0.40053
62,51,16.95,21.0813,23.764,19.5691,-1.36168
62,52,15.25,19.4292,21.2103,17.2084,-1.15784
62,53,15.51,17.4505,18.4859,14.5631,0.661449
62,55,10.61,13.7271,13.7383,9.96103,0.662711
62,56,7.94,12.1266,11.8055,8.16183,-0.27643
62,57,5.81,10.7045,10.1388,6.67139,-1.31308
62,58,5.81,9.44616,8.70542,5.44625,0.679112
62,59,4.56,8.3346,7.47404,4.44319,0.267272
62,66,1.16,3.46753,2.56892,1.06423,0.912014
62,68,0.65,2.69894,1.89334,0.707309,-0.819411
62,70,0.49,2.10071,1.39543,0.470092,0.426945
63,0.25,7.02,7.68109,10.0006,6.38356,1.01388
63,1,18,20.8345,26.1294,17.6273,0.215097
63,1.25,17.41,23.0533,28.5813,19.57,-1.12295
63,1.75,24.58,25.5661,31.0169,21.769,1.31377
63,7,11.83,16.9631,17.3913,12.4461,-0.503569
63,8,8.69,14.9862,14.945,10.5194,-1.76898
63,10,7.35,11.6742,11.0208,7.4778,-0.173816
63,20,1.37,3.33555,2.39692,1.33898,0.23497
63,24.25,7.79,11.1202,13.1817,8.25848,-0.576971
63,25,22.38,26.6335,32.2842,21.5917,0.371467
63,25.25,19.96,29.2251,35.1668,23.885,-1.67198
63,25.75,25.62,32.1174,37.993,26.4632,-0.324211
63,31,15.72,21.0737,21.1914,15.047,0.455017
63,32,14.64,18.6168,18.2102,12.717,1.53832
63,34,9.1,14.5019,13.4284,9.03964,0.0679227
63,44,1.57,4.14346,2.92056,1.61862,-0.304871
64,0.75,9.9,15.3702,19.487,11.2332,-1.20728
64,1.25,16.29,19.998,24.7738,15.6734,0.4002
64,4,23.13,20.7976,23.2762,20.6499,1.22195
64,5,19.73,18.6965,20.2982,19.3491,0.200297
64,6,17.52,16.6244,17.5344,17.684,-0.0943685
64,10,11.36,10.127,9.56294,11.2496,0.0997921
64,11,8.61,8.93536,8.21029,9.96485,-1.383
64,18,4.21,3.71749,2.82198,4.20436,0.0136378
64,20,3.4,2.89349,2.07986,3.28239,0.364141
65,5,20.06,23.6303,25.6596,21.5379,-0.698131
65,18,9.64,4.69849,3.5677,9.30478,0.366444
66,1,27.63,23.5957,29.5085,25.0195,1.06161
66,1.75,28.21,28.9544,35.072,31.3649,-1.02346
66,3,29.87,29.3943,33.994,32.672,-0.872632
66,5,24.28,24.4093,26.5106,27.7964,-1.28718
66,6,27.7,21.7041,22.9032,24.9114,1.13893
66,7,25.38,19.2112,19.712,22.1947,1.46019
66,14,9.65,8.01119,6.78642,9.59894,0.0541117
66,25,22.86,21.5984,25.7528,23.3163,-0.199095
66,25.75,26.82,25.8639,30.2323,28.3611,-0.552881
66,27,29.48,25.9625,29.1416,29.1197,0.125891
66,29,25.73,21.4777,22.6864,24.6444,0.448201
66,30,20.87,19.0889,19.5956,22.0714,-0.553829
66,31,20.97,16.8933,16.864,19.6584,0.678821
66,38,8.19,7.04365,5.80563,8.49986,-0.370791
66,49,18.68,16.3342,19.2913,17.7004,0.563078
66,49.75,21.43,19.4815,22.6069,21.4204,0.00457814
66,51,21.97,19.5186,21.7739,21.9382,0.0147485
66,53,17.25,16.1365,16.9464,18.5494,-0.71271
66,54,16.38,14.3407,14.6372,16.6108,-0.141357
66,55,15.94,12.6908,12.5967,14.794,0.788101
66,62,6.29,5.29131,4.33651,6.3963,-0.169012
67,0.5,13.04,9.55728,12.219,12.2341,0.670112
67,1.25,19.08,16.3873,20.2525,21.7217,-1.23736
67,1.5,21.02,17.4709,21.3663,23.3781,-1.02627
67,2,27.28,18.5829,22.2783,25.2646,0.811635
67,3,27.89,18.4496,21.3346,25.6228,0.900281
67,4,22.03,17.0425,19.0788,23.9138,-0.801478
67,5,21.19,15.3207,16.6428,21.5576,-0.173476
67,8,15.25,10.6529,10.6354,14.789,0.31714
67,10,12.45,8.29851,7.84305,11.3441,0.991726
67,14,6.96,5.0283,4.2608,6.64724,0.47849
67,16,5.04,3.91378,3.1403,5.08673,-0.0934099
67,18,3.32,3.04627,2.31447,3.89247,-1.49496
67,20,2.98,2.37105,1.70581,2.97858,0.00482913
67,22,2.4,1.8455,1.25721,2.27926,0.538041
68,0.25,3.85,6.10785,7.89252,5.13093,-2.53834
68,0.75,12.86,14.0893,17.7834,12.6793,0.144959
68,1,14.57,16.5672,20.6795,15.3711,-0.530205
68,1.25,19.61,18.3315,22.6374,17.4905,1.23289
68,3,23.33,20.6385,23.8636,22.4611,0.393574
68,7,14.38,13.4887,13.8478,15.1511,-0.517741
68,9,11.53,10.5196,10.2209,11.3116,0.196378
68,14,4.6,5.62488,4.7677,5.22104,-1.20946
68,24.25,7.68,8.86822,10.4451,7.18673,0.698048
68,24.75,16.55,18.3272,22.2109,16.143,0.256501
68,25,19.85,21.248,25.6428,19.3278,0.274909
68,25.25,21.39,23.3162,27.953,21.8288,-0.204529
68,27,30.19,25.8071,29.22,27.5639,0.969375
68,31,17.69,16.8141,16.9317,18.4974,-0.44411
68,33,12.48,13.1119,12.4968,13.8042,-0.975858
68,38,7.21,7.0109,5.82927,6.37004,1.34094
69,3,27.11,21.8894,25.3074,28.9126,-0.634377
69,4,28.49,20.2199,22.6401,25.5163,1.18575
69,9,11.02,11.1571,10.8435,11.7188,-0.60659
69,10,10.08,9.84569,9.31069,9.99018,0.0914554
69,12,6.03,7.66449,6.86283,7.25926,-1.72219
69,16,3.96,4.64346,3.72795,3.83257,0.337974
69,18,2.75,3.61422,2.74757,2.78476,-0.126805
69,22,1.38,2.18958,1.49248,1.47022,-0.622577
69,27,30.3,23.3723,26.365,29.9873,0.106097
69,28,27.13,21.5412,23.561,26.4448,0.263614
69,33,11.91,11.8684,11.277,12.14,-0.192742
69,34,9.19,10.4732,9.68291,10.3492,-1.1394
69,36,8.31,8.15292,7.13717,7.52016,1.06819
69,40,4.32,4.93937,3.87697,3.97031,0.89529
69,42,2.91,3.84454,2.85741,2.88484,0.0886094
69,46,1.66,2.32911,1.55214,1.52306,0.91234
70,1,18.14,13.0529,16.262,19.1195,-0.521207
70,4,15.74,15.0205,16.8198,14.595,0.798149
70,5,12.69,13.503,14.6767,12.267,0.3508
70,6,9.05,12.0065,12.6822,10.2934,-1.22873
70,7,7.89,10.6275,10.9162,8.63407,-0.876532
70,9,5.67,8.28816,8.05746,6.0736,-0.675739
70,14,2.57,4.43172,3.75856,2.52051,0.199456
70,18,1.21,2.68485,2.04165,1.24716,-0.302146
70,22,0.64,1.62654,1.10902,0.617101,0.374935
70,25,41.57,25.9677,31.662,36.7646,1.32997
70,28,30.6,29.3637,32.4664,28.0013,0.944275
70,29,17.95,26.3843,28.3233,23.5346,-2.41434
70,30,20.84,23.4555,24.4722,19.7481,0.562537
70,31,15.61,20.7598,21.0638,16.5646,-0.586327
70,33,10.93,16.1893,15.5472,11.6523,-0.630595
70,38,4.63,8.65642,7.25227,4.83566,-0.4324
70,42,1.94,5.24428,3.93943,2.39271,-1.92184
70,46,1.14,3.1771,2.13989,1.18392,-0.37612
70,49,25.65,20.255,23.8705,27.1716,-0.569777
70,52,19.25,22.2957,24.1457,20.6205,-0.676195
70,53,16.68,20.0182,21.057,17.3307,-0.381963
70,54,16.85,17.7905,18.1914,14.5422,1.61444
70,55,13.95,15.7437,15.6568,12.198,1.46114
70,57,10.11,12.2766,11.556,8.5806,1.8129
70,62,3.07,6.5642,5.39046,3.56091,-1.40118
70,66,2,3.97676,2.9281,1.76195,1.37143
70,70,0.98,2.40921,1.59054,0.871822,1.25634
71,0.25,10.51,4.62716,5.95215,11.6458,-0.992119
71,0.5,20.98,8.09939,10.3011,18.9363,1.09801
71,1,27.26,12.5509,15.6216,25.5658,0.674268
71,1.75,24.86,15.4013,18.6056,26.0778,-0.475132
71,3,18.27,15.6353,18.0732,20.3626,-1.04558
71,4,17.33,14.4428,16.1744,15.6577,1.08654
71,5,11.64,12.9837,14.1149,11.8675,-0.194975
71,6,8.61,11.5447,12.1974,8.9554,-0.392304
71,7,6.92,10.2187,10.4992,6.74883,0.257927
71,8,5.72,9.02786,9.02321,5.08385,1.27229
71,10,2.8,7.03264,6.65435,2.88397,-0.295855
71,18,0.29,2.58159,1.9637,0.29858,-0.288149
71,20,0.18,2.00937,1.44728,0.169366,0.622661
71,22,0.09,1.56398,1.06668,0.0960712,-0.61477
72,3,37.99,24.0783,27.83,38.3611,-0.0984271
72,6,27.49,17.7789,18.7886,24.9228,1.04805
72,10,12.16,10.8303,10.2507,13.5762,-1.06122
72,11,12.32,9.55587,8.80083,11.6616,0.574336
72,18,3.72,3.97565,3.02498,4.02348,-0.766728
72,27,53.79,28.18,31.8491,43.8691,2.30115
72,30,22.79,20.7409,21.4695,28.485,-2.03424
72,34,14.27,12.6317,11.7122,15.5164,-0.817237
72,35,12.25,11.1453,10.0556,13.3282,-0.822945
72,42,4.73,4.63688,3.45626,4.59848,0.29077
72,51,43.7,27.7687,31.2355,43.0191,0.161065
72,54,26.29,20.4261,21.0506,27.9304,-0.597581
72,58,15.14,12.4394,11.4835,15.2143,-0.0496866
72,59,14.57,10.9756,9.85924,13.0687,1.16868
72,66,5.12,4.56631,3.38877,4.50894,1.37777
73,1,9.73,16.0651,19.9575,9.39456,0.363188
73,1.75,10.87,19.7136,23.7896,12.4656,-1.3021
73,4,14.53,18.4868,20.7069,14.0971,0.312419
73,6,12.21,14.7772,15.6203,12.8534,-0.509228
73,14,7.73,5.45443,4.62998,7.5232,0.279571
73,16,7.16,4.24545,3.4124,6.55816,0.933258
73,20,4.43,2.57199,1.85361,4.98329,-1.12887
74,0.25,13.87,8.60652,11.0209,14.2315,-0.258414
74,1,32.16,23.3447,28.9731,31.1515,0.329394
74,1.25,36.16,25.8308,31.7455,32.5825,1.11721
74,1.75,32.64,28.6463,34.5506,32.9227,-0.0873699
74,3,29.8,29.0816,33.6061,28.8152,0.347756
74,6,20.08,21.4732,22.7037,18.3016,0.988608
74,7,12.97,19.0068,19.5443,15.6818,-1.75929
74,11,6.82,11.5415,10.6358,8.45087,-1.96284
74,18,3.26,4.80175,3.65569,2.8643,1.40367
74,20,2.07,3.73743,2.69432,2.10265,-0.15769
74,22,1.5,2.90901,1.98577,1.54353,-0.286169
74,24.25,13.16,9.22768,10.4151,12.7202,0.351743
74,25,24.16,21.0749,24.9334,26.428,-0.873168
74,25.25,29.38,23.045,27.152,27.5606,0.671702
74,25.75,25.14,25.2283,29.3555,27.7691,-0.963329
74,27,23.11,25.3204,28.389,24.2605,-0.482519
74,30,15.56,18.6156,19.1395,15.4044,0.102762
74,31,14.21,16.4744,16.4747,13.1993,0.778973
74,35,7.27,10.0024,8.96485,7.11304,0.224416
74,42,2.23,4.16141,3.08136,2.41087,-0.762049
74,44,1.86,3.23902,2.27102,1.76979,0.517436
74,46,1.34,2.52107,1.67379,1.29918,0.318663
75,0.25,9.1,7.12583,8.20433,9.68815,-0.617509
75,0.5,16.66,12.4731,14.2662,16.8086,-0.0899572
75,1.75,31.74,23.7179,26.3395,30.7432,0.329892
75,2,33.8,24.2522,26.792,31.2228,0.839871
75,3,31.71,24.0783,26.0932,30.2462,0.49243
75,4,28.67,22.2419,23.6946,27.3478,0.491915
75,5,26.72,19.9948,20.9683,24.113,1.10004
75,6,20.82,17.7789,18.3681,21.0538,-0.112961
75,7,15.37,15.7368,16.0244,18.3111,-1.63412
75,11,9.42,9.55587,9.1953,10.3856,-0.945747
75,18,3.8,3.97565,3.46741,3.83826,-0.101321
75,20,3.09,3.09443,2.62411,2.88812,0.710252
76,1,34.15,24.5997,27.7601,33.0152,0.349746
76,1.25,35.3,27.2195,30.5407,35.646,-0.0987567
76,1.5,36.03,29.0194,32.3808,37.18,-0.314738
76,1.75,38.37,30.1865,33.5042,37.9308,0.117807
76,8,19.31,17.6946,17.7674,19.4344,-0.0651354
76,9,18.17,15.62,15.464,17.0721,0.654266
76,10,15.91,13.784,13.4554,14.9963,0.619875
76,14,8.4,8.35209,7.70736,8.92761,-0.60111
76,16,5.83,6.50085,5.83287,6.88825,-1.56241
76,18,5.81,5.05991,4.41427,5.31475,0.94749
76,20,4.28,3.93836,3.34068,4.10069,0.444507
77,0.5,20.31,15.0649,17.1852,20.4241,-0.0568233
77,0.75,26.55,19.8531,22.5119,26.8256,-0.104521
77,1.25,38.26,25.8308,28.9587,34.6571,1.05779
77,1.75,34.37,28.6463,31.7769,38.1481,-1.00774
77,5,31.06,24.1496,25.3337,30.4123,0.216708
77,7,23.16,19.0068,19.3638,23.0598,0.0442068
77,8,19.4,16.7918,16.8653,19.9915,-0.301017
77,10,16.86,13.0807,12.7723,14.9939,1.26618
77,16,6.1,6.16917,5.53678,6.30972,-0.337998
77,20,3.46,3.73743,3.1711,3.54282,-0.237585
77,22,2.7,2.90901,2.39986,2.65471,0.173308
78,0.25,12.04,4.99733,5.72757,11.6827,0.311117
78,1.25,26.68,14.9985,16.8009,26.72,-0.0152221
78,1.5,28.94,15.9903,17.818,27.1952,0.652789
78,1.75,28.58,16.6334,18.4407,27.199,0.516621
78,3,19.34,16.8861,18.2921,24.5554,-2.16101
78,6,16.99,12.4683,12.89,17.1443,-0.0915411
78,7,18.34,11.0362,11.2462,15.1739,2.12271
78,9,10.7,8.60693,8.52551,11.8857,-1.01482
78,18,3.9,2.78811,2.43367,3.95986,-0.153674
78,20,3.15,2.17012,1.84178,3.10173,0.158151
79,0.25,4.6,4.90479,5.61298,4.61017,-0.0224291
79,0.75,10.62,11.3142,12.8002,10.7525,-0.125382
79,1,11.43,13.3039,14.9693,12.7097,-1.0243
79,1.75,15.67,16.3253,18.089,15.8249,-0.0995536
79,2,15.79,16.6931,18.4077,16.2545,-0.290722
79,3,17.31,16.5734,17.951,16.4083,0.559086
79,7,11.56,10.8319,11.0407,11.3204,0.215275
79,9,8.89,8.44755,8.36987,9.04914,-0.178876
79,12,6.79,5.80311,5.5122,6.44825,0.538975
79,16,4.48,3.51576,3.15709,4.10165,0.937684
79,24.25,9.85,9.0242,9.89619,8.91985,1.06066
79,24.75,18.8,19.1065,21.2199,18.5662,0.128113
79,25,23.49,22.2239,24.6259,21.6257,0.877115
79,25.75,28.42,26.9104,29.4808,26.4423,0.760991
79,26,22.08,27.4613,29.9583,27.0853,-1.88027
79,27,31.48,27.1533,29.1325,27.1875,1.60644
79,31,18.72,17.7043,17.889,18.6936,0.0143784
79,33,16.14,13.8064,13.561,14.9416,0.815969
79,36,10.72,9.4843,8.93087,10.6469,0.0698491
79,40,6.95,5.74597,5.11512,6.77235,0.266766
79,48.25,9.85,10.1877,10.9401,10.3182,-0.461528
79,48.75,19.8,20.7055,22.7645,20.3703,-0.284862
79,49,22.78,23.9501,26.3144,23.5498,-0.332605
79,49.75,29.24,28.7999,31.3493,28.5231,0.255735
79,50,33.2,29.3583,31.8336,29.1738,1.40422
79,51,25.2,28.9662,30.9101,29.1954,-1.39245
79,55,17.81,18.8623,18.9644,20.0374,-1.131
79,57,15.16,14.709,14.3759,16.0149,-0.543105
79,60,11.47,10.1043,9.46755,11.4116,0.0520569
79,64,6.04,6.12157,5.4225,7.25877,-1.70761
80,0.25,5.5,8.60652,9.83425,6.19162,-1.13592
80,0.5,12.22,15.0649,17.1173,11.2559,0.871264
80,0.75,17.3,19.8531,22.4351,15.3635,1.28234
80,1,18.78,23.3447,26.2414,18.66,0.0654049
80,1.25,21.01,25.8308,28.8872,21.2703,-0.124495
80,1.75,22.72,28.6463,31.723,24.8421,-0.869141
80,8,13.54,16.7918,16.8785,16.1662,-1.65271
80,10,12.1,13.0807,12.7827,11.9219,0.152
80,18,3.59,4.80175,4.19362,3.34345,0.749443
80,22,1.55,2.90901,2.40182,1.76197,-1.22117
80,24.25,4.27,6.82155,7.04268,4.55759,-0.64153
80,24.5,6.34,10.2261,10.8982,7.2321,-1.25453
80,24.75,10.46,12.7349,13.6992,9.39411,1.1541
80,25,9.98,14.5485,15.6895,11.1219,-1.04444
80,25.25,12.11,15.8235,17.0579,12.4825,-0.303582
80,25.75,16.55,17.2197,18.4798,14.3223,1.5824
80,32,9.94,9.85887,9.67068,9.04655,1.00455
80,34,6.59,7.67945,7.32362,6.66731,-0.117927
80,42,2.16,2.81898,2.40265,1.86909,1.58014
80,46,0.92,1.7078,1.37607,0.984986,-0.668399
81,1.25,24.31,17.776,19.863,23.6989,0.262372
81,1.75,25.24,19.7136,21.8185,25.0498,0.0772701
81,2,23.22,20.1577,22.2079,25.0085,-0.727651
81,5,16.34,16.6191,17.4455,15.5211,0.53677
81,6,11.81,14.7772,15.2871,12.5632,-0.609892
81,8,8.58,11.5557,11.6183,8.14381,0.544756
81,9,6.13,10.2008,10.1124,6.54577,-0.645942
81,11,4.34,7.94254,7.6553,4.22561,0.275184
81,14,2.46,5.45443,5.04024,2.19078,1.24805
81,22,0.35,2.0019,1.65332,0.379969,-0.793389
82,0.25,6.14,8.51397,9.69901,5.59887,0.98278
82,0.75,11.56,19.6397,22.1432,13.6364,-1.54907
82,1,16,23.0936,25.9085,16.4409,-0.272804
82,4,24.24,26.5747,28.3224,23.3108,0.405574
82,7,21.04,18.8025,19.1793,18.5125,1.38903
82,8,17.64,16.6113,16.7057,16.877,0.459924
82,10,13.18,12.94,12.6521,13.9524,-0.563173
82,11,11.85,11.4174,11.0075,12.6723,-0.660128
82,18,5.62,4.75012,4.1508,6.43964,-1.29437
82,20,6.2,3.69724,3.14129,5.30633,1.71245
82,22,3.66,2.87773,2.3773,4.37246,-1.65649
82,24.25,8.3,9.94443,10.5931,8.62881,-0.387583
82,24.75,14.78,19.9709,21.8383,15.8013,-0.657571
82,25,18.99,23.0616,25.2207,18.2818,0.394133
82,28,27.19,25.6208,26.89,23.7301,1.48346
82,31,17.28,18.0993,18.1899,18.7326,-0.788928
82,32,18.65,15.9889,15.8432,17.0705,0.941352
82,34,14.99,12.4547,11.9985,14.1078,0.636128
82,35,13.44,10.9891,10.4389,12.8128,0.497956
82,42,6.88,4.57191,3.93636,6.51068,0.57687
82,44,5.66,3.55853,2.979,5.36486,0.559374
82,46,4.74,2.76977,2.25448,4.42069,0.73432
82,48.25,7.13,7.08669,7.34066,6.84189,0.428256
82,48.75,11.14,13.4901,14.534,11.3916,-0.22469
82,49,14.35,15.4569,16.6914,12.9567,1.09394
82,52,15.78,16.9043,17.6012,16.1558,-0.236619
82,55,12.42,11.9331,11.9007,12.7161,-0.236865
82,56,10.43,10.5413,10.3652,11.5855,-1.01454
82,58,8.61,8.2111,7.84977,9.57325,-1.02347
82,59,7.18,7.24485,6.82939,8.69425,-1.77149
82,66,4.82,3.01415,2.57527,4.41776,0.92565
82,68,3.25,2.34605,1.94894,3.64027,-1.08969
82,70,3.11,1.82604,1.47494,2.99961,0.373942
83,0.25,5.28,5.73768,6.52637,5.72021,-0.782548
83,1.75,22.32,19.0976,21.1126,19.2387,1.6295
83,3,20.24,19.3877,20.9881,20.1687,0.0359636
83,5,17.64,16.0997,16.9058,18.0842,-0.249915
83,8,12.95,11.1945,11.2612,14.4045,-1.02724
83,11,11.9,7.69434,7.42013,11.3952,0.450595
83,14,8.56,5.28398,4.88542,9.01137,-0.509481
83,16,8.35,4.11278,3.69725,7.70603,0.849928
83,20,5.92,2.49162,2.11754,5.63519,0.513922
83,22,4.63,1.93934,1.60253,4.8189,-0.398544
84,0.25,5.24,6.10785,6.93688,5.20682,0.064794
84,0.75,12.98,14.0893,15.8491,12.8884,0.0722814
84,1.25,16.68,18.3315,20.4329,17.8362,-0.659488
84,2,23.73,20.7876,22.8702,21.8452,0.877837
84,3,23.86,20.6385,22.3392,23.4299,0.186765
84,9,12.82,10.5196,10.4369,13.9435,-0.819711
84,11,10.59,8.19075,7.90102,11.0086,-0.386796
84,12,8.87,7.22652,6.87366,9.76853,-0.935625
84,14,7.63,5.62488,5.20204,7.6836,-0.0709448
84,24.25,7.98,8.49805,9.13,8.15273,-0.215489
84,24.75,16.13,17.4733,19.1736,16.7511,-0.377234
84,25.25,20.84,22.2052,24.3041,22.2505,-0.644968
84,26,27.58,24.873,26.9661,26.635,0.361007
84,27,31.47,24.5563,26.2356,28.2302,1.16768
84,33,16.53,12.4744,12.2286,16.6241,-0.0575672
84,35,14.17,9.71264,9.25731,13.1221,0.812389
84,36,12.82,8.56924,8.05358,11.6434,1.02793
84,38,9.18,6.67,6.09501,9.15796,0.0244762
85,0.25,6.86,7.496,8.50052,6.6557,0.312163
85,1.5,22.59,23.9854,26.598,19.1389,1.83459
85,2,20.94,25.5121,28.0549,19.9078,0.527519
85,4,16.7,23.3973,24.9403,17.9997,-0.73465
85,5,17.23,21.0335,22.0939,16.4702,0.469338
85,6,15.13,18.7024,19.3648,15.0073,0.0832
85,7,13.43,16.5543,16.8987,13.6568,-0.168964
85,10,10.86,11.3929,11.1484,10.277,0.577002
85,11,9.94,10.0523,9.69937,9.34706,0.645243
85,18,4.68,4.18217,3.65753,4.81183,-0.27855
85,24.25,9.79,9.49979,10.1365,9.39762,0.424697
85,25.5,22.77,25.9157,28.2127,21.7375,0.483256
85,26,22.58,27.362,29.601,22.4065,0.0787752
85,28,20.2,24.8809,26.1561,20.0856,0.0579503
85,29,19.24,22.3472,23.1565,18.3685,0.482706
85,30,15.47,19.8632,20.291,16.7341,-0.768546
85,31,14.11,17.5791,17.7051,15.2275,-0.746606
85,34,12.55,12.0969,11.6796,11.4588,0.968742
85,35,10,10.6734,10.1615,10.4218,-0.411735
85,42,5.02,4.44057,3.83178,5.36512,-0.654082
85,48.25,6.38,6.93412,7.16605,7.32055,-1.30668
85,49.5,14.16,17.4293,18.7512,15.157,-0.669173
85,50,12.78,18.3229,19.6138,15.5381,-1.80585
85,52,13.21,16.5779,17.2702,13.8555,-0.47397
85,53,11.84,14.8818,15.284,12.6667,-0.663914
85,54,10.67,13.2248,13.3907,11.5384,-0.76562
85,55,9.82,11.7029,11.6834,10.4993,-0.658088
85,58,8.32,8.05276,7.70696,7.90062,0.539878
85,59,8.04,7.10514,6.70517,7.18568,1.20915
85,66,4.11,2.95602,2.52844,3.69916,1.12887
86,1.25,28.84,24.9975,27.8167,30.7896,-0.644267
86,1.5,32.9,26.6505,29.5328,31.3172,0.514237
86,2,31.93,28.3467,31.1576,30.9111,0.335376
86,6,17.51,20.7805,21.5212,18.9543,-0.775272
86,7,16.33,18.3937,18.781,16.6018,-0.166535
86,9,13.04,14.3449,14.2398,12.7352,0.243508
86,14,6.27,7.67029,7.09761,6.56321,-0.454329
86,22,2.43,2.81517,2.32818,2.27246,0.704128
86,25.25,25.12,21.316,23.1155,25.4244,-0.121817
86,25.5,26.26,22.5439,24.3996,25.7867,0.186763
86,26,24.02,23.753,25.5671,25.3792,-0.544896
86,30,17.93,17.1958,17.5024,15.5291,1.5729
86,31,12.79,15.2178,15.2718,13.6016,-0.607024
86,33,10.32,11.8666,11.5782,10.4337,-0.11089
86,38,4.6,6.345,5.77087,5.37715,-1.46957
86,46,1.89,2.32876,1.89298,1.86179,0.15381
86,49.25,35.3,25.1586,27.4749,30.2891,1.6833
86,49.5,29.1,26.6719,29.0544,30.748,-0.545347
86,50,30.47,28.1827,30.5108,30.2894,0.0606759
86,54,15.86,20.4807,20.9465,18.546,-1.47347
86,55,16.96,18.1259,18.2778,16.244,0.448415
86,57,13.84,14.1349,13.8575,12.4607,1.12601
86,62,6.9,7.55785,6.90698,6.42179,0.757284
86,70,2.22,2.7739,2.26565,2.22349,-0.0159418
87,0.5,18.98,15.3888,17.3241,20.8761,-0.924082
87,0.75,28.36,20.2801,22.7348,27.1661,0.447147
87,1.5,39.91,28.1311,31.1517,36.4941,0.952409
87,1.75,36.56,29.2624,32.2758,37.626,-0.288278
87,2,42.59,29.9216,32.8733,38.1643,1.17996
87,5,33.13,24.669,25.921,29.801,1.13661
87,10,15.31,13.362,13.0825,15.5712,-0.170674
87,12,11.81,10.4018,9.9021,11.974,-0.139331
87,14,11.46,8.09642,7.494,9.20739,2.48848
87,18,5.51,4.90502,4.29207,5.44409,0.123095
87,24.5,15.47,12.3777,13.2238,16.162,-0.43558
87,24.75,22.82,15.5544,16.7525,20.2584,1.2865
87,25.5,22.63,20.572,22.168,26.2338,-1.39774
87,25.75,22.95,21.2631,22.8617,26.9188,-1.50012
87,26,28.7,21.643,23.2081,27.2122,0.55628
87,29,22.18,17.5956,18.1166,21.0461,0.548149
87,34,9.95,9.52185,9.13759,10.9916,-0.963942
87,36,8.59,7.41231,6.91615,8.45231,0.165695
87,38,7.37,5.76948,5.2342,6.49939,1.36224
87,42,3.71,3.4953,2.99781,3.84292,-0.351576
87,48.5,21.05,15.641,17.0772,20.7542,0.144997
87,48.75,26.61,20.0726,21.9907,26.4617,0.0570108
87,49.5,38.54,27.1279,29.5827,34.8556,1.07555
87,49.75,31.92,28.1219,30.576,35.8458,-1.11439
87,50,37.48,28.6847,31.0883,36.294,0.332509
87,53,24.44,23.4725,24.3856,28.1973,-1.35581
87,58,13.38,12.7076,12.3034,14.7297,-0.932171
87,60,9.89,9.89233,9.31235,11.3268,-1.2904
87,62,8.8,7.69985,7.04766,8.70975,0.105391
87,66,4.74,4.66477,4.03644,5.14985,-0.809194
88,0.25,6.36,5.55259,6.26803,6.06597,0.492908
88,0.5,10.07,9.71926,10.9271,10.7906,-0.679348
88,7,11.61,12.2625,12.5269,12.5675,-0.775079
88,9,10.1,9.56326,9.49833,8.80275,1.49893
88,11,5.95,7.44613,7.19067,6.11821,-0.279589
88,16,2.36,3.98011,3.58294,2.44672,-0.360033
88,22,0.81,1.87678,1.55298,0.813268,-0.0406657
89,0.75,17.4,15.3702,17.1911,16.0771,0.837131
89,1.75,27.47,22.1778,24.4334,25.0145,0.998779
89,3,26.41,22.5148,24.3531,26.1473,0.102212
89,4,23.78,20.7976,22.174,23.6863,0.0402288
89,6,16.46,16.6244,17.2283,16.7885,-0.199096
89,7,12.85,14.715,15.0361,13.6126,-0.569888
89,8,11.48,13.0001,13.0982,10.8857,0.555345
89,9,8.93,11.4759,11.4011,8.62366,0.36131
89,12,3.76,7.88347,7.50891,4.15283,-0.961588
89,16,1.56,4.77613,4.30072,1.51791,0.281389
89,20,0.59,2.89349,2.46317,0.548569,0.762433
89,24.75,9.99,12.2695,13.209,11.3278,-1.20139
89,25.75,16.8,16.8091,18.0731,17.4976,-0.405599
89,27,15.32,16.839,17.8406,18.2497,-1.63328
89,28,18.65,15.5048,16.2066,16.52,1.31174
89,30,11.19,12.3713,12.5756,11.7014,-0.444577
89,31,9.77,10.948,10.9736,9.48623,0.304278
89,32,8.35,9.67122,9.55871,7.58512,1.02558
89,33,5.76,8.53699,8.32,6.00849,-0.420544
89,36,2.69,5.8644,5.47955,2.89312,-0.713378
89,40,0.9,3.55289,3.13841,1.05742,-1.50864
89,44,0.33,2.15242,1.79747,0.382144,-1.37268
89,48.75,18.84,19.7593,21.6999,19.5402,-0.364567
89,49.75,33.65,27.8454,30.3304,30.3139,1.11977
89,51,27.87,28.1008,30.1044,31.6587,-1.21767
89,52,32.4,25.9204,27.3832,28.6706,1.32353
89,54,23.42,20.7027,21.2638,20.3159,1.55454
89,55,16.85,18.3231,18.5567,16.4715,0.233755
89,56,12.93,16.1871,16.1647,13.1714,-0.186445
89,57,10.72,14.289,14.0701,10.4341,0.278747
89,60,5.72,9.8158,9.26667,5.02442,1.40759
89,64,1.74,5.94681,5.30748,1.83645,-0.533157
89,68,0.76,3.60272,3.03977,0.663685,1.46703
90,1,24.66,18.8263,20.9558,22.8995,0.782188
90,1.25,22.45,20.8313,23.1033,25.3269,-1.15576
90,1.75,30.65,23.1019,25.4367,27.9914,0.966387
90,2,24.07,23.6223,25.9161,28.5389,-1.59327
90,5,22.44,19.4755,20.474,21.743,0.32614
90,6,19.62,17.3171,17.9501,18.6331,0.53888
90,16,3.44,4.97514,4.48117,3.54602,-0.30387
90,20,1.93,3.01405,2.56651,1.81792,0.625878
90,22,1.24,2.34598,1.94231,1.30164,-0.480274
91,1.25,10.07,14.7208,16.3127,10.5444,-0.457622
91,1.5,11.13,15.6942,17.3307,11.6546,-0.45791
91,4,14.86,15.3094,16.3242,14.8095,0.0347252
91,5,13.72,13.7627,14.4706,14.2832,-0.401172
91,6,10.05,12.2374,12.6875,13.4657,-2.58049
91,10,10.93,7.45459,7.30671,9.82238,1.14703
91,11,8.95,6.57742,6.35704,9.01822,-0.076941
91,14,6.75,4.51695,4.18552,6.95717,-0.302833
91,18,4.84,2.73648,2.3972,4.91221,-0.149452
91,20,4.06,2.12993,1.81418,4.12694,-0.164892
91,25.25,18.79,23.6011,25.8036,18.7273,0.0340788
91,25.5,19.3,25.0547,27.3296,20.3678,-0.533394
91,28,24.47,24.179,25.5434,24.6891,-0.0903092
91,29,24.36,21.7232,22.6331,23.7134,0.277415
91,30,17.39,19.3109,19.8408,22.3068,-2.2426
91,34,18.59,11.7615,11.4248,16.2306,1.47895
91,35,15.56,10.3775,9.93987,14.8999,0.450734
91,38,11.83,7.12658,6.54447,11.493,0.298278
91,42,7.39,4.31746,3.74825,8.11456,-0.908174
91,44,5.82,3.36048,2.83664,6.81736,-1.48781
91,49.25,26.25,28.6825,31.2202,23.6135,1.13602
91,49.5,25.81,30.4104,33.0367,25.5525,0.10254
91,52,31.84,29.2524,30.8069,30.5001,0.446982
91,53,31.91,26.2764,27.2934,29.2538,0.923872
91,54,29.32,23.3567,23.9248,27.4978,0.674241
91,58,21.73,14.2249,13.776,19.9905,0.885331
91,59,19.15,12.551,11.9854,18.3507,0.443134
91,62,12.51,8.6192,7.89128,14.1542,-1.18173
91,66,10.15,5.22173,4.51961,9.99335,0.159445
91,68,9.61,4.06431,3.4204,8.39579,1.47095
92,0.75,38.38,18.9992,21.1769,34.2613,1.2232
92,1,33.13,22.3406,24.8186,38.9801,-1.52709
92,1.5,47.81,26.3544,29.0821,43.1541,1.09782
92,3,39.33,27.8308,30.0902,38.2861,0.277449
92,9,10.95,14.1855,14.1046,10.7,0.237694
92,10,8.29,12.5181,12.2732,8.56929,-0.331493
92,24.75,28.85,18.6235,20.1316,30.3502,-0.502933
92,25,30.69,21.4911,23.2694,34.4683,-1.11536
92,25.5,38.4,24.8927,26.9038,38.0942,0.0816688
92,27,36.48,25.8789,27.5202,33.7503,0.822963
92,33,10.2,13.1339,12.8593,9.42924,0.831446
92,34,6.67,11.5899,11.1895,7.55159,-1.18732
92,48.75,37.47,19.5446,21.1825,32.2365,1.65187
92,49,32,22.6044,24.5296,36.6218,-1.28416
92,49.5,38.69,26.2401,28.4125,40.4861,-0.451415
92,51,33.23,27.3321,29.1092,35.8779,-0.75095
92,57,10.73,13.8788,13.6078,10.0242,0.716183
92,58,7.89,12.2473,11.8408,8.02809,-0.174945
93,1,20.25,14.8101,16.4365,20.2214,0.0143901
93,1.5,22.72,17.4709,19.2655,22.8412,-0.0539884
93,1.75,23.02,18.1735,19.9753,23.2292,-0.0916438
93,2,25.19,18.5829,20.3584,23.2094,0.868256
93,3,18.75,18.4496,19.9445,20.9057,-1.04914
93,4,16.17,17.0425,18.1741,17.4145,-0.727082
93,5,14.37,15.3207,16.114,14.0606,0.223852
93,10,4.87,8.29851,8.1384,4.35525,1.20153
93,11,3.42,7.32203,7.08066,3.43242,-0.0367685
93,22,0.24,1.8455,1.52924,0.249522,-0.381587
94,0.25,5.59,5.92276,6.62514,5.24105,0.676983
94,0.5,8.87,10.3672,11.563,8.90175,-0.0362812
94,0.75,10.93,13.6624,15.1933,11.4249,-0.440669
94,2,15.24,20.1577,22.0732,15.5175,-0.181905
94,3,14.1,20.0131,21.6316,15.0973,-0.672012
94,4,12.49,18.4868,19.7153,14.0112,-1.10451
94,8,11.37,11.5557,11.6583,9.71496,1.73286
94,14,5.34,5.45443,5.05847,5.54398,-0.374122
94,16,4.34,4.24545,3.82822,4.59839,-0.571287
95,0.25,9.73,8.88415,9.92258,9.22497,0.556851
95,0.5,14.46,15.5508,17.3214,15.2627,-0.535048
95,1.25,24.46,26.664,29.4483,22.9676,0.661122
95,1.75,23.18,29.5704,32.4641,24.0197,-0.355697
95,3,22.28,30.0197,32.4426,22.6193,-0.15262
95,5,16.66,24.9286,26.2278,18.5768,-1.04978
95,7,13.02,19.62,20.0783,15.0735,-1.38597
95,11,10.49,11.9138,11.5275,9.91052,0.594761
95,14,5.21,8.18164,7.58984,7.23592,-2.84746
95,20,4.43,3.85799,3.28975,3.85734,1.50907
95,24.25,12.63,11.3344,11.9489,11.8876,0.635341
95,24.5,16.95,18.0701,19.4396,17.9872,-0.586639
95,25.25,21.78,29.2179,31.6448,25.6706,-1.54205
95,25.75,29.82,32.0635,34.6168,26.631,1.21839
95,27,26.65,32.2501,34.3589,24.9421,0.696688
95,29,22.5,26.6972,27.713,20.4652,1.01162
95,31,17.04,21.001,21.207,16.6049,0.266582
95,35,10.24,12.7511,12.1746,10.9173,-0.631102
95,38,8.78,8.75659,8.01584,7.97101,1.03225
95,44,3.81,4.1291,3.4744,4.2492,-1.05075
96,1,12.59,15.8141,17.4987,11.6467,0.823867
96,1.25,11.88,17.4983,19.3091,13.3182,-1.09853
96,1.5,14.63,18.6553,20.528,14.6486,-0.0128891
96,1.75,13.14,19.4056,21.292,15.6943,-1.65575
96,2,17.41,19.8427,21.7075,16.5024,0.559506
96,3,19.91,19.7004,21.2873,18.0622,1.0408
96,6,14.74,14.5463,15.0981,16.3082,-0.978278
96,7,14.34,12.8756,13.1797,15.1907,-0.569707
96,9,15.44,10.0414,9.9951,13.0027,1.90691
96,10,11.56,8.86112,8.69741,11.9945,-0.368474
96,12,9.89,6.89804,6.58318,10.1854,-0.294991
97,1.5,13.15,14.8058,16.2805,14.1377,-0.710756
97,2,16.65,15.7482,17.2199,16.1197,0.334714
97,5,19,12.9837,13.6647,17.3738,0.95226
97,10,12.33,7.03264,6.90464,11.408,0.822152
97,12,8.47,5.47463,5.22622,9.37829,-0.985123
97,18,5.89,2.58159,2.26533,5.15454,1.45074
97,25.5,20.97,27.3631,29.776,27.5974,-2.44342
97,26,35.33,28.9793,31.3945,31.0064,1.41883
97,29,32.84,23.7615,24.8124,32.6384,0.0628547
97,34,22.54,12.8658,12.534,21.3444,0.569934
97,36,16.44,10.0155,9.48714,17.543,-0.639687
97,42,8.08,4.72286,4.11224,9.64094,-1.64688
98,0.5,12.63,15.5508,17.2524,12.4608,0.138098
98,1,17.08,24.0977,26.6118,19.2703,-1.15641
98,1.5,26.4,28.4272,31.2363,22.674,1.67198
98,1.75,20.91,29.5704,32.4067,23.5509,-1.14093
98,2,24.67,30.2365,33.0463,24.0429,0.265374
98,7,13.28,19.62,20.0935,14.8984,-1.1051
98,16,4.43,6.36818,5.74882,4.39565,0.0794437
99,0.5,21.53,13.607,15.0757,21.2923,0.113572
99,0.75,26.41,17.9319,19.8264,26.2967,0.0438198
99,1,30.1,21.0855,23.2622,29.1999,0.313636
99,5,22.55,21.8125,22.964,21.9033,0.300408
99,7,14.83,17.1675,17.5862,16.8006,-1.19333
99,11,10.31,10.4246,10.0979,9.8758,0.447213
99,14,6.67,7.15894,6.64863,6.6298,0.0616705
100,0.25,17.36,8.23635,9.12924,15.0986,1.5237
100,0.75,30.43,18.9992,20.9822,33.0821,-0.815705
100,2,37.96,28.0318,30.6071,42.9322,-1.17847
100,3,42.08,27.8308,30.0543,38.4769,0.952841
100,4,28.91,25.7082,27.4244,32.0896,-1.00819
100,6,22.23,20.5496,21.3478,20.915,0.639684
100,12,4.91,9.74485,9.31058,5.37983,-0.887991
100,18,1.31,4.59523,4.03572,1.37617,-0.487726
100,20,0.92,3.57668,3.0542,0.873577,0.538059
100,24.25,10.74,8.20786,8.45935,11.5293,-0.696426
100,24.75,23.58,16.0618,17.1355,24.8296,-0.512076
100,26,36.56,22.4742,24.0212,32.0608,1.42788
100,27,30.99,22.1265,23.4391,28.7115,0.807471
100,28,23.05,20.3772,21.3391,23.9386,-0.377684
100,30,16.2,16.2608,16.5892,15.6001,0.391253
100,36,3.88,7.70831,7.2331,4.01257,-0.335841
100,42,1.14,3.63488,3.13522,1.02642,1.12124
100,44,0.61,2.82919,2.37271,0.651561,-0.644744