id,time,Concentration,popPred_medianCOV,popPred,indivPred_SAEM,indWRes_SAEM
1,0.5,0.0112,0.0116113,0.0116113,0.0115671,-0.156998
1,4,0.0307,0.0281426,0.0281426,0.0278172,0.51267
1,8,0.0256,0.0270469,0.0270469,0.0267423,-0.21131
1,12,0.0263,0.025471,0.025471,0.0252161,0.212649
1,16,0.032,0.0239768,0.0239768,0.0237678,1.71341
1,20,0.0256,0.02257,0.02257,0.0224026,0.706045
1,24,0.0185,0.0212458,0.0212458,0.0211158,-0.61282
1,28,0.0257,0.0481418,0.0481418,0.0477201,-2.28273
1,52,0.0614,0.0620561,0.0620561,0.0616764,-0.02217
1,76,0.0714,0.0717368,0.0717368,0.0714628,-0.00434972
1,100,0.0809,0.0784721,0.0784721,0.0783253,0.162617
1,104,0.0562,0.0744235,0.0744235,0.0743492,-1.20758
1,108,0.0815,0.0700679,0.0700679,0.0700884,0.805445
1,112,0.0633,0.0659571,0.0659571,0.0660627,-0.206878
1,116,0.0591,0.0620873,0.0620873,0.0622681,-0.251689
1,120,0.0627,0.0584445,0.0584445,0.0586914,0.337875
2,0.5,0.0076,0.0116113,0.0116113,0.00753786,0.0407836
2,4,0.0196,0.0281426,0.0281426,0.0236937,-0.854715
2,8,0.0211,0.0270469,0.0270469,0.0239042,-0.580326
2,12,0.0105,0.025471,0.025471,0.0225977,-2.64834
2,16,0.0264,0.0239768,0.0239768,0.0212661,1.19425
2,20,0.0197,0.02257,0.02257,0.0200064,-0.0757685
2,24,0.0255,0.0212458,0.0212458,0.0188209,1.75555
2,28,0.0431,0.0481418,0.0481418,0.0413994,0.203215
2,52,0.0575,0.0620561,0.0620561,0.0536719,0.352837
2,76,0.0606,0.0717368,0.0717368,0.0621785,-0.125585
2,100,0.0488,0.0784721,0.0784721,0.0680748,-1.40068
2,104,0.0541,0.0744235,0.0744235,0.0656553,-0.870659
2,108,0.0809,0.0700679,0.0700679,0.0618747,1.52108
2,112,0.0597,0.0659571,0.0659571,0.0582156,0.126134
2,116,0.0424,0.0620873,0.0620873,0.0547664,-1.11703
2,120,0.0363,0.0584445,0.0584445,0.0515211,-1.46149
3,0.5,0.0081,0.0116113,0.0116113,0.00779803,0.191561
3,4,0.0156,0.0281426,0.0281426,0.0203321,-1.15135
3,8,0.0154,0.0270469,0.0270469,0.0200746,-1.15195
3,12,0.0193,0.025471,0.025471,0.0192906,0.0024187
3,16,0.0247,0.0239768,0.0239768,0.0185232,1.64962
3,20,0.0183,0.02257,0.02257,0.017786,0.142971
3,24,0.017,0.0212458,0.0212458,0.0170781,-0.0226148
3,28,0.0353,0.0481418,0.0481418,0.0367305,-0.192657
3,52,0.0423,0.0620561,0.0620561,0.0495824,-0.726578
3,76,0.0594,0.0717368,0.0717368,0.0596549,-0.0211349
3,100,0.0475,0.0784721,0.0784721,0.067549,-1.46828
3,104,0.0742,0.0744235,0.0744235,0.0654122,0.664595
3,108,0.0491,0.0700679,0.0700679,0.0628237,-1.08065
3,112,0.0781,0.0659571,0.0659571,0.0603237,1.45777
3,116,0.0633,0.0620873,0.0620873,0.0579228,0.459246
3,120,0.054,0.0584445,0.0584445,0.0556174,-0.14386
4,0.5,0.0107,0.0116113,0.0116113,0.0109613,-0.117907
4,4,0.0276,0.0281426,0.0281426,0.0266111,0.183836
4,8,0.0227,0.0270469,0.0270469,0.0255358,-0.549373
4,12,0.0159,0.025471,0.025471,0.0240023,-1.6699
4,16,0.0227,0.0239768,0.0239768,0.0225509,0.0327047
4,20,0.0173,0.02257,0.02257,0.0211871,-0.907597
4,24,0.0254,0.0212458,0.0212458,0.0199058,1.36539
4,28,0.06,0.0481418,0.0481418,0.0453131,1.6034
4,52,0.0672,0.0620561,0.0620561,0.0581759,0.767355
4,76,0.0577,0.0717368,0.0717368,0.0670226,-0.688103
4,100,0.0822,0.0784721,0.0784721,0.0731072,0.615278
4,104,0.0511,0.0744235,0.0744235,0.0692201,-1.29498
4,108,0.0496,0.0700679,0.0700679,0.0650447,-1.17463
4,112,0.0551,0.0659571,0.0659571,0.0611112,-0.486608
4,116,0.0489,0.0620873,0.0620873,0.0574155,-0.733697
4,120,0.0682,0.0584445,0.0584445,0.0539432,1.30743
5,0.5,0.0059,0.0116113,0.0116113,0.00776227,-1.18683
5,4,0.0331,0.0281426,0.0281426,0.0293437,0.633262
5,8,0.0212,0.0270469,0.0270469,0.0311213,-1.57706
5,12,0.023,0.025471,0.025471,0.0291388,-1.04219
5,16,0.0378,0.0239768,0.0239768,0.0268019,2.02997
5,20,0.0285,0.02257,0.02257,0.0245847,0.787838
5,24,0.0231,0.0212458,0.0212458,0.0225412,0.122631
5,28,0.0673,0.0481418,0.0481418,0.0500099,1.71032
5,52,0.0705,0.0620561,0.0620561,0.0622823,0.652713
5,76,0.0347,0.0717368,0.0717368,0.0695701,-2.47951
5,100,0.0452,0.0784721,0.0784721,0.0738979,-1.92112
5,104,0.0581,0.0744235,0.0744235,0.071969,-0.953311
5,108,0.069,0.0700679,0.0700679,0.0665882,0.179175
5,112,0.0728,0.0659571,0.0659571,0.0611357,0.943838
5,116,0.0481,0.0620873,0.0620873,0.0560622,-0.702586
5,120,0.0488,0.0584445,0.0584445,0.0514,-0.250237
6,0.5,0.00315,0.0116113,0.0116113,0.00378426,-0.829125
6,4,0.0147,0.0281426,0.0281426,0.019406,-1.19964
6,8,0.0273,0.0270469,0.0270469,0.0248211,0.494063
6,12,0.0224,0.025471,0.025471,0.0252426,-0.557083
6,16,0.0243,0.0239768,0.0239768,0.0239668,0.0687792
6,20,0.0297,0.02257,0.02257,0.0221936,1.67316
6,24,0.0185,0.0212458,0.0212458,0.0203533,-0.45046
6,28,0.0483,0.0481418,0.0481418,0.0379999,1.3409
6,52,0.0456,0.0620561,0.0620561,0.0486605,-0.311137
6,76,0.0651,0.0717368,0.0717368,0.0547621,0.933874
6,100,0.0561,0.0784721,0.0784721,0.0582543,-0.182942
6,104,0.047,0.0744235,0.0744235,0.060237,-1.08708
6,108,0.0339,0.0700679,0.0700679,0.0575198,-2.0314
6,112,0.0615,0.0659571,0.0659571,0.0533799,0.752522
6,116,0.0448,0.0620873,0.0620873,0.0489955,-0.423607
6,120,0.0362,0.0584445,0.0584445,0.0447753,-0.947428
7,0.5,0.0165,0.0116113,0.0116113,0.0151349,0.446175
7,4,0.0267,0.0281426,0.0281426,0.028362,-0.289895
7,8,0.0218,0.0270469,0.0270469,0.0267564,-0.916378
7,12,0.0314,0.025471,0.025471,0.0251493,1.22953
7,16,0.0265,0.0239768,0.0239768,0.0236384,0.59886
7,20,0.0225,0.02257,0.02257,0.0222183,0.0627239
7,24,0.0237,0.0212458,0.0212458,0.0208835,0.667184
7,28,0.0457,0.0481418,0.0481418,0.0479909,-0.236148
7,52,0.0554,0.0620561,0.0620561,0.0615256,-0.492526
7,76,0.0789,0.0717368,0.0717368,0.0708582,0.561433
7,100,0.0748,0.0784721,0.0784721,0.0772933,-0.159579
7,104,0.082,0.0744235,0.0744235,0.0727481,0.62914
7,108,0.0509,0.0700679,0.0700679,0.0683779,-1.26447
7,112,0.0688,0.0659571,0.0659571,0.06427,0.34868
7,116,0.0426,0.0620873,0.0620873,0.0604088,-1.45838
7,120,0.0685,0.0584445,0.0584445,0.0567797,1.02113
8,0.5,0.00877,0.0116113,0.0116113,0.00938854,-0.325914
8,4,0.0274,0.0281426,0.0281426,0.0221769,1.16511
8,8,0.0188,0.0270469,0.0270469,0.0215115,-0.623547
8,12,0.017,0.025471,0.025471,0.020524,-0.849392
8,16,0.0161,0.0239768,0.0239768,0.0195764,-0.878482
8,20,0.0204,0.02257,0.02257,0.0186725,0.457675
8,24,0.0175,0.0212458,0.0212458,0.0178103,-0.0861856
8,28,0.0338,0.0481418,0.0481418,0.0391648,-0.677631
8,52,0.059,0.0620561,0.0620561,0.0519573,0.670549
8,76,0.0669,0.0717368,0.0717368,0.0615904,0.426463
8,100,0.0511,0.0784721,0.0784721,0.0688445,-1.27506
8,104,0.0899,0.0744235,0.0744235,0.0660243,1.78891
8,108,0.0415,0.0700679,0.0700679,0.0629815,-1.68728
8,112,0.0608,0.0659571,0.0659571,0.0600734,0.0598308
8,116,0.0516,0.0620873,0.0620873,0.0572996,-0.492072
8,120,0.0635,0.0584445,0.0584445,0.0546538,0.8007
9,0.5,0.0127,0.0116113,0.0116113,0.0122312,0.189628
9,4,0.0232,0.0281426,0.0281426,0.0224686,0.161038
9,8,0.0281,0.0270469,0.0270469,0.0213034,1.57826
9,12,0.0185,0.025471,0.025471,0.0201389,-0.402574
9,16,0.0113,0.0239768,0.0239768,0.0190378,-2.01066
9,20,0.0194,0.02257,0.02257,0.017997,0.385653
9,24,0.015,0.0212458,0.0212458,0.0170131,-0.58534
9,28,0.031,0.0481418,0.0481418,0.0385515,-0.969007
9,52,0.0558,0.0620561,0.0620561,0.0500293,0.570612
9,76,0.0535,0.0717368,0.0717368,0.0582206,-0.401103
9,100,0.048,0.0784721,0.0784721,0.0640664,-1.24058
9,104,0.045,0.0744235,0.0744235,0.060627,-1.2751
9,108,0.0697,0.0700679,0.0700679,0.0573126,1.06922
9,112,0.0576,0.0659571,0.0659571,0.0541792,0.312347
9,116,0.0477,0.0620873,0.0620873,0.051217,-0.339703
9,120,0.054,0.0584445,0.0584445,0.0484169,0.570446
10,0.5,0.0136,0.0116113,0.0116113,0.0133911,0.0771726
10,4,0.0306,0.0281426,0.0281426,0.0322742,-0.256614
10,8,0.0318,0.0270469,0.0270469,0.0308758,0.148078
10,12,0.0304,0.025471,0.025471,0.0289494,0.247876
10,16,0.0298,0.0239768,0.0239768,0.027132,0.486444
10,20,0.0234,0.02257,0.02257,0.0254285,-0.394635
10,24,0.0241,0.0212458,0.0212458,0.023832,0.0556376
10,28,0.0574,0.0481418,0.0481418,0.0546098,0.252754
10,52,0.0912,0.0620561,0.0620561,0.0697465,1.52164
10,76,0.0773,0.0717368,0.0717368,0.0800045,-0.167227
10,100,0.0679,0.0784721,0.0784721,0.0869562,-1.08411
10,104,0.0987,0.0744235,0.0744235,0.0821246,0.998453
10,108,0.053,0.0700679,0.0700679,0.0769805,-1.54104
10,112,0.074,0.0659571,0.0659571,0.0721474,0.127026
10,116,0.046,0.0620873,0.0620873,0.0676176,-1.58155
10,120,0.0797,0.0584445,0.0584445,0.0633721,1.27458
11,0.5,0.0166,0.0116113,0.0116113,0.0169643,-0.106223
11,4,0.0408,0.0281426,0.0281426,0.0324138,1.27988
11,8,0.0242,0.0270469,0.0270469,0.0298852,-0.941081
11,12,0.0284,0.025471,0.025471,0.0274143,0.177876
11,16,0.0299,0.0239768,0.0239768,0.025147,0.935021
11,20,0.0258,0.02257,0.02257,0.0230672,0.586076
11,24,0.0194,0.0212458,0.0212458,0.0211594,-0.411334
11,28,0.0504,0.0481418,0.0481418,0.0518232,-0.135855
11,52,0.0631,0.0620561,0.0620561,0.063386,-0.0223241
11,76,0.0807,0.0717368,0.0717368,0.0702744,0.733902
11,100,0.069,0.0784721,0.0784721,0.0743781,-0.357699
11,104,0.0357,0.0744235,0.0744235,0.0683788,-2.36418
11,108,0.0645,0.0700679,0.0700679,0.0627242,0.140051
11,112,0.0702,0.0659571,0.0659571,0.0575366,1.08878
11,116,0.0473,0.0620873,0.0620873,0.052778,-0.513459
11,120,0.0352,0.0584445,0.0584445,0.048413,-1.35013
12,0.5,0.0247,0.0116113,0.0116113,0.0226093,0.457443
12,4,0.0273,0.0281426,0.0281426,0.0385913,-1.44741
12,8,0.0413,0.0270469,0.0270469,0.0358338,0.754621
12,12,0.0509,0.025471,0.025471,0.0332148,2.634
12,16,0.032,0.0239768,0.0239768,0.0307871,0.194898
12,20,0.0245,0.02257,0.02257,0.0285368,-0.699789
12,24,0.0264,0.0212458,0.0212458,0.026451,-0.00953975
12,28,0.0529,0.0481418,0.0481418,0.063109,-0.800254
12,52,0.0747,0.0620561,0.0620561,0.078658,-0.248923
12,76,0.0811,0.0717368,0.0717368,0.088519,-0.414616
12,100,0.109,0.0784721,0.0784721,0.0947728,0.742626
12,104,0.087,0.0744235,0.0744235,0.0879089,-0.0511488
12,108,0.071,0.0700679,0.0700679,0.0814837,-0.636471
12,112,0.0779,0.0659571,0.0659571,0.0755279,0.155366
12,116,0.0686,0.0620873,0.0620873,0.0700075,-0.0994584
12,120,0.0722,0.0584445,0.0584445,0.0648906,0.557234
13,0.5,0.00651,0.0116113,0.0116113,0.00742309,-0.608508
13,4,0.029,0.0281426,0.0281426,0.0276914,0.233766
13,8,0.0181,0.0270469,0.0270469,0.0300603,-1.96827
13,12,0.03,0.025471,0.025471,0.0293137,0.115825
13,16,0.0279,0.0239768,0.0239768,0.0282193,-0.0559658
13,20,0.0309,0.02257,0.02257,0.0271207,0.689363
13,24,0.0264,0.0212458,0.0212458,0.0260593,0.0646792
13,28,0.0467,0.0481418,0.0481418,0.0527302,-0.565726
13,52,0.0696,0.0620561,0.0620561,0.0724317,-0.193399
13,76,0.105,0.0717368,0.0717368,0.0879337,0.960109
13,100,0.09,0.0784721,0.0784721,0.100131,-0.500531
13,104,0.103,0.0744235,0.0744235,0.0996629,0.16564
13,108,0.107,0.0700679,0.0700679,0.0961901,0.555936
13,112,0.113,0.0659571,0.0659571,0.0924764,1.09789
13,116,0.113,0.0620873,0.0620873,0.0888611,1.34382
13,120,0.083,0.0584445,0.0584445,0.0853815,-0.13798
14,0.5,0.0158,0.0116113,0.0116113,0.0146595,0.38485
14,4,0.027,0.0281426,0.0281426,0.026738,0.0484659
14,8,0.0239,0.0270469,0.0270469,0.025726,-0.351118
14,12,0.025,0.025471,0.025471,0.0246911,0.0618914
14,16,0.0125,0.0239768,0.0239768,0.0236977,-2.33754
14,20,0.0204,0.02257,0.02257,0.0227443,-0.509889
14,24,0.018,0.0212458,0.0212458,0.0218292,-0.86778
14,28,0.0294,0.0481418,0.0481418,0.047689,-1.89718
14,52,0.0909,0.0620561,0.0620561,0.0640648,2.07215
14,76,0.0725,0.0717368,0.0717368,0.0768644,-0.280892
14,100,0.0913,0.0784721,0.0784721,0.0868689,0.252336
14,104,0.088,0.0744235,0.0744235,0.0834376,0.270498
14,108,0.11,0.0700679,0.0700679,0.0800809,1.84823
14,112,0.0703,0.0659571,0.0659571,0.0768591,-0.422165
14,116,0.0702,0.0620873,0.0620873,0.0737668,-0.239198
14,120,0.0805,0.0584445,0.0584445,0.070799,0.677834
15,0.5,0.0165,0.0116113,0.0116113,0.0165006,-0.000170898
15,4,0.0468,0.0281426,0.0281426,0.036104,1.46556
15,8,0.0333,0.0270469,0.0270469,0.0337567,-0.066926
15,12,0.0213,0.025471,0.025471,0.0311722,-1.56669
15,16,0.0263,0.0239768,0.0239768,0.0287811,-0.426459
15,20,0.0361,0.02257,0.02257,0.0265734,1.77348
15,24,0.0316,0.0212458,0.0212458,0.024535,1.4245
15,28,0.0411,0.0481418,0.0481418,0.0587569,-1.48659
15,52,0.0753,0.0620561,0.0620561,0.0727903,0.170565
15,76,0.0505,0.0717368,0.0717368,0.0814838,-1.88104
15,100,0.0709,0.0784721,0.0784721,0.0868693,-0.909403
15,104,0.0978,0.0744235,0.0744235,0.080628,1.05359
15,108,0.0712,0.0700679,0.0700679,0.0744481,-0.21583
15,112,0.077,0.0659571,0.0659571,0.0687374,0.594646
15,116,0.0491,0.0620873,0.0620873,0.0634647,-1.1197
15,120,0.0614,0.0584445,0.0584445,0.0585965,0.236683
16,0.5,0.00538,0.0116113,0.0116113,0.00722747,-1.26452
16,4,0.0259,0.0281426,0.0281426,0.0234462,0.517718
16,8,0.0244,0.0270469,0.0270469,0.0237104,0.143885
16,12,0.0245,0.025471,0.025471,0.0222469,0.501007
16,16,0.0174,0.0239768,0.0239768,0.0207475,-0.798157
16,20,0.0149,0.02257,0.02257,0.0193392,-1.13553
16,24,0.0193,0.0212458,0.0212458,0.0180257,0.349724
16,28,0.0531,0.0481418,0.0481418,0.0402476,1.57972
16,52,0.056,0.0620561,0.0620561,0.0512643,0.456984
16,76,0.0554,0.0717368,0.0717368,0.0584881,-0.261195
16,100,0.064,0.0784721,0.0784721,0.0632248,0.0606514
16,104,0.0485,0.0744235,0.0744235,0.0607871,-0.999938
16,108,0.053,0.0700679,0.0700679,0.0568053,-0.331385
16,112,0.0394,0.0659571,0.0659571,0.0529585,-1.26652
16,116,0.0424,0.0620873,0.0620873,0.0493624,-0.697744
16,120,0.0591,0.0584445,0.0584445,0.0460096,1.40748
17,0.5,0.0142,0.0116113,0.0116113,0.0142654,-0.0226747
17,4,0.0348,0.0281426,0.0281426,0.0354935,-0.0966541
17,8,0.0245,0.0270469,0.0270469,0.0331079,-1.28618
17,12,0.0409,0.025471,0.025471,0.0300438,1.78755
17,16,0.0256,0.0239768,0.0239768,0.027242,-0.298175
17,20,0.0253,0.02257,0.02257,0.0247009,0.119974
17,24,0.0248,0.0212458,0.0212458,0.0223969,0.530788
17,28,0.0426,0.0481418,0.0481418,0.0558012,-1.17033
17,52,0.077,0.0620561,0.0620561,0.0670864,0.731027
17,76,0.0606,0.0717368,0.0717368,0.0733576,-0.86032
17,100,0.0881,0.0784721,0.0784721,0.0768426,0.724725
17,104,0.0867,0.0744235,0.0744235,0.0706001,1.12812
17,108,0.0608,0.0700679,0.0700679,0.0640387,-0.25019
17,112,0.0643,0.0659571,0.0659571,0.058066,0.531107
17,116,0.0273,0.0620873,0.0620873,0.0526497,-2.38184
17,120,0.0349,0.0584445,0.0584445,0.0477387,-1.33041
18,0.5,0.00911,0.0116113,0.0116113,0.0103744,-0.602897
18,4,0.0182,0.0281426,0.0281426,0.0295643,-1.90157
18,8,0.0348,0.0270469,0.0270469,0.0287553,1.0399
18,12,0.0341,0.025471,0.025471,0.0266882,1.37384
18,16,0.0223,0.0239768,0.0239768,0.0247128,-0.482983
18,20,0.016,0.02257,0.02257,0.0228809,-1.48767
18,24,0.019,0.0212458,0.0212458,0.0211847,-0.510149
18,28,0.0496,0.0481418,0.0481418,0.0491785,0.0423982
18,52,0.0629,0.0620561,0.0620561,0.061534,0.109816
18,76,0.103,0.0717368,0.0717368,0.0693171,2.40384
18,100,0.0719,0.0784721,0.0784721,0.0742199,-0.154625
18,104,0.0641,0.0744235,0.0744235,0.0701004,-0.423442
18,108,0.0773,0.0700679,0.0700679,0.0649683,0.938985
18,112,0.0457,0.0659571,0.0659571,0.060155,-1.18873
18,116,0.0439,0.0620873,0.0620873,0.0556956,-1.0477
18,120,0.0469,0.0584445,0.0584445,0.0515667,-0.447692
19,0.5,0.0239,0.0116113,0.0116113,0.021795,0.477779
19,4,0.0209,0.0281426,0.0281426,0.0343008,-1.93269
19,8,0.0338,0.0270469,0.0270469,0.0313594,0.385001
19,12,0.0258,0.025471,0.025471,0.0286458,-0.491448
19,16,0.0225,0.0239768,0.0239768,0.026167,-0.693248
19,20,0.0262,0.02257,0.02257,0.0239026,0.475467
19,24,0.0199,0.0212458,0.0212458,0.0218342,-0.438238
19,28,0.0744,0.0481418,0.0481418,0.0542457,1.83797
19,52,0.0633,0.0620561,0.0620561,0.0658331,-0.190344
19,76,0.0641,0.0717368,0.0717368,0.072565,-0.57708
19,100,0.104,0.0784721,0.0784721,0.0764761,1.78041
19,104,0.0594,0.0744235,0.0744235,0.0698851,-0.742204
19,108,0.0671,0.0700679,0.0700679,0.0638377,0.252804
19,112,0.028,0.0659571,0.0659571,0.0583136,-2.5716
19,116,0.0533,0.0620873,0.0620873,0.0532675,0.00302058
19,120,0.0461,0.0584445,0.0584445,0.048658,-0.260069
20,0.5,0.00875,0.0116113,0.0116113,0.00937818,-0.331363
20,4,0.0247,0.0281426,0.0281426,0.0259897,-0.245482
20,8,0.0239,0.0270469,0.0270469,0.0251446,-0.244864
20,12,0.0291,0.025471,0.025471,0.023337,1.22162
20,16,0.0152,0.0239768,0.0239768,0.0216204,-1.46905
20,20,0.0214,0.02257,0.02257,0.0200285,0.338751
20,24,0.0176,0.0212458,0.0212458,0.0185537,-0.254288
20,28,0.0552,0.0481418,0.0481418,0.0431772,1.37748
20,52,0.05,0.0620561,0.0620561,0.0540392,-0.369759
20,76,0.0461,0.0717368,0.0717368,0.0609036,-1.20243
20,100,0.0562,0.0784721,0.0784721,0.0652416,-0.685579
20,104,0.0757,0.0744235,0.0744235,0.0615063,1.1416
20,108,0.0577,0.0700679,0.0700679,0.0570212,0.058888
20,112,0.0623,0.0659571,0.0659571,0.0528243,0.887387
20,116,0.0318,0.0620873,0.0620873,0.0489347,-1.73219
20,120,0.0387,0.0584445,0.0584445,0.0453314,-0.723673
21,0.5,0.0268,0.0232227,0.0232227,0.0272541,-0.0824192
21,4,0.0544,0.0562851,0.0562851,0.0582235,-0.324862
21,8,0.0586,0.0540938,0.0540938,0.056035,0.226446
21,12,0.0504,0.050942,0.050942,0.0534525,-0.282505
21,16,0.0528,0.0479535,0.0479535,0.050985,0.176102
21,20,0.0538,0.04514,0.04514,0.0486314,0.525765
21,24,0.0383,0.0424916,0.0424916,0.0463864,-0.862385
21,28,0.0467,0.0399985,0.0399985,0.0442451,0.274478
21,52,0.0888,0.0841137,0.0841137,0.0915439,-0.148275
21,76,0.0685,0.05936,0.05936,0.0693382,-0.0598004
21,100,0.126,0.0975842,0.0975842,0.110441,0.69692
21,104,0.105,0.0929698,0.0929698,0.105842,-0.0393586
21,108,0.105,0.087537,0.087537,0.10096,0.197936
21,112,0.122,0.0824015,0.0824015,0.0962998,1.32022
21,116,0.104,0.0775669,0.0775669,0.0918543,0.654124
21,120,0.0866,0.0730159,0.0730159,0.087614,-0.057253
22,0.5,0.035,0.0232227,0.0232227,0.0331696,0.27298
22,4,0.0728,0.0562851,0.0562851,0.0631826,0.752999
22,8,0.0566,0.0540938,0.0540938,0.0600477,-0.284034
22,12,0.0695,0.050942,0.050942,0.0568413,1.10169
22,16,0.064,0.0479535,0.0479535,0.0538053,0.937318
22,20,0.0415,0.04514,0.04514,0.0509314,-0.916063
22,24,0.0339,0.0424916,0.0424916,0.048211,-1.46845
22,28,0.0373,0.0399985,0.0399985,0.0456359,-0.903612
22,52,0.0972,0.0841137,0.0841137,0.0960126,0.0611794
22,76,0.0755,0.05936,0.05936,0.0692534,0.446206
22,100,0.1,0.0975842,0.0975842,0.113003,-0.569224
22,104,0.121,0.0929698,0.0929698,0.107207,0.636468
22,108,0.0751,0.087537,0.087537,0.101482,-1.28602
22,112,0.128,0.0824015,0.0824015,0.0960611,1.64478
22,116,0.0961,0.0775669,0.0775669,0.0909302,0.281253
22,120,0.109,0.0730159,0.0730159,0.0860734,1.31767
23,0.5,0.0319,0.0232227,0.0232227,0.0329428,-0.156589
23,4,0.0875,0.0562851,0.0562851,0.0630227,1.92133
23,8,0.0562,0.0540938,0.0540938,0.0585347,-0.197313
23,12,0.0586,0.050942,0.050942,0.054102,0.411289
23,16,0.0417,0.0479535,0.0479535,0.0500037,-0.821495
23,20,0.0343,0.04514,0.04514,0.0462159,-1.27547
23,24,0.038,0.0424916,0.0424916,0.042715,-0.546054
23,28,0.0362,0.0399985,0.0399985,0.0394793,-0.410909
23,52,0.117,0.0841137,0.0841137,0.0876323,1.65784
23,76,0.0473,0.05936,0.05936,0.0548197,-0.67858
23,100,0.0691,0.0975842,0.0975842,0.0971948,-1.42994
23,104,0.0814,0.0929698,0.0929698,0.0901182,-0.478576
23,108,0.0919,0.087537,0.087537,0.083293,0.511187
23,112,0.0723,0.0824015,0.0824015,0.0769835,-0.300959
23,116,0.088,0.0775669,0.0775669,0.0711519,1.17138
23,120,0.0752,0.0730159,0.0730159,0.0657621,0.709963
24,0.5,0.0344,0.0232227,0.0232227,0.0320724,0.35902
24,4,0.0627,0.0562851,0.0562851,0.0598469,0.235837
24,8,0.0425,0.0540938,0.0540938,0.0564052,-1.21953
24,12,0.0576,0.050942,0.050942,0.0529724,0.432154
24,16,0.0343,0.0479535,0.0479535,0.049748,-1.53614
24,20,0.0591,0.04514,0.04514,0.0467198,1.31088
24,24,0.0621,0.0424916,0.0424916,0.043876,2.05472
24,28,0.0425,0.0399985,0.0399985,0.0412052,0.155445
24,52,0.0777,0.0841137,0.0841137,0.0881156,-0.584745
24,76,0.058,0.05936,0.05936,0.0605989,-0.212156
24,100,0.0842,0.0975842,0.0975842,0.101421,-0.839956
24,104,0.0821,0.0929698,0.0929698,0.0954482,-0.691816
24,108,0.0566,0.087537,0.087537,0.0896389,-1.82333
24,112,0.0954,0.0824015,0.0824015,0.0841826,0.659185
24,116,0.09,0.0775669,0.0775669,0.0790584,0.684653
24,120,0.0759,0.0730159,0.0730159,0.074246,0.110201
25,0.5,0.0253,0.0232227,0.0232227,0.0264427,-0.213785
25,4,0.0424,0.0562851,0.0562851,0.0624488,-1.58818
25,8,0.0614,0.0540938,0.0540938,0.0598564,0.12757
25,12,0.0695,0.050942,0.050942,0.0563701,1.15225
25,16,0.0606,0.0479535,0.0479535,0.0530701,0.701903
25,20,0.0558,0.04514,0.04514,0.0499629,0.577938
25,24,0.0473,0.0424916,0.0424916,0.0470377,0.0275824
25,28,0.0396,0.0399985,0.0399985,0.0442838,-0.523224
25,52,0.0602,0.0841137,0.0841137,0.0932832,-1.75444
25,76,0.0565,0.05936,0.05936,0.0657534,-0.696177
25,100,0.121,0.0975842,0.0975842,0.108232,0.583569
25,104,0.104,0.0929698,0.0929698,0.102959,0.0500005
25,108,0.109,0.087537,0.087537,0.0969494,0.61489
25,112,0.11,0.0824015,0.0824015,0.0912736,1.01495
25,116,0.0833,0.0775669,0.0775669,0.0859297,-0.151392
25,120,0.0786,0.0730159,0.0730159,0.0808987,-0.140568
26,0.5,0.0234,0.0232227,0.0232227,0.0224381,0.212064
26,4,0.038,0.0562851,0.0562851,0.0428556,-0.560494
26,8,0.0411,0.0540938,0.0540938,0.041058,0.00506535
26,12,0.0485,0.050942,0.050942,0.0391849,1.176
26,16,0.0364,0.0479535,0.0479535,0.0373967,-0.131842
26,20,0.0397,0.04514,0.04514,0.0356901,0.555808
26,24,0.03,0.0424916,0.0424916,0.0340614,-0.589854
26,28,0.0231,0.0399985,0.0399985,0.032507,-1.43156
26,52,0.0519,0.0841137,0.0841137,0.0674176,-1.13864
26,76,0.0476,0.05936,0.05936,0.0510658,-0.335745
26,100,0.0538,0.0975842,0.0975842,0.0814405,-1.67896
26,104,0.109,0.0929698,0.0929698,0.077882,1.97656
26,108,0.0727,0.087537,0.087537,0.0743285,-0.108383
26,112,0.0831,0.0824015,0.0824015,0.0709365,0.848251
26,116,0.0632,0.0775669,0.0775669,0.0676993,-0.328774
26,120,0.0705,0.0730159,0.0730159,0.0646099,0.450986
27,0.5,0.016,0.0232227,0.0232227,0.0178747,-0.51884
27,4,0.0577,0.0562851,0.0562851,0.0551865,0.225313
27,8,0.0673,0.0540938,0.0540938,0.0551412,1.09081
27,12,0.0565,0.050942,0.050942,0.0517775,0.451198
27,16,0.0449,0.0479535,0.0479535,0.0484193,-0.359558
27,20,0.0389,0.04514,0.04514,0.0452661,-0.695718
27,24,0.047,0.0424916,0.0424916,0.0423174,0.547403
27,28,0.0297,0.0399985,0.0399985,0.0395607,-1.23305
27,52,0.088,0.0841137,0.0841137,0.0815945,0.388352
27,76,0.0618,0.05936,0.05936,0.057189,0.398862
27,100,0.0941,0.0975842,0.0975842,0.093362,0.0391064
27,104,0.0989,0.0929698,0.0929698,0.0908298,0.439531
27,108,0.0863,0.087537,0.087537,0.0851413,0.0673244
27,112,0.0841,0.0824015,0.0824015,0.0796097,0.27903
27,116,0.0708,0.0775669,0.0775669,0.0744246,-0.240925
27,120,0.0719,0.0730159,0.0730159,0.0695765,0.165204
28,0.5,0.0129,0.0232227,0.0232227,0.0144421,-0.528218
28,4,0.0522,0.0562851,0.0562851,0.0498679,0.23135
28,8,0.0594,0.0540938,0.0540938,0.0519915,0.704913
28,12,0.057,0.050942,0.050942,0.0496126,0.736605
28,16,0.0425,0.0479535,0.0479535,0.0469368,-0.467623
28,20,0.0501,0.04514,0.04514,0.0443662,0.639327
28,24,0.0384,0.0424916,0.0424916,0.0419326,-0.416753
28,28,0.0338,0.0399985,0.0399985,0.0396321,-0.727969
28,52,0.079,0.0841137,0.0841137,0.0781176,0.0558777
28,76,0.0472,0.05936,0.05936,0.0597685,-1.04027
28,100,0.0864,0.0975842,0.0975842,0.0924709,-0.324776
28,104,0.0807,0.0929698,0.0929698,0.0922572,-0.619708
28,108,0.118,0.087537,0.087537,0.0876692,1.71148
28,112,0.0741,0.0824015,0.0824015,0.0829055,-0.525422
28,116,0.0751,0.0775669,0.0775669,0.0783616,-0.205901
28,120,0.0938,0.0730159,0.0730159,0.0740628,1.31832
29,0.5,0.0291,0.0232227,0.0232227,0.0291771,-0.0130791
29,4,0.0402,0.0562851,0.0562851,0.0649831,-1.88665
29,8,0.0644,0.0540938,0.0540938,0.0609644,0.278783
29,12,0.0637,0.050942,0.050942,0.0564165,0.638655
29,16,0.0684,0.0479535,0.0479535,0.0521981,1.53549
29,20,0.0442,0.04514,0.04514,0.0482949,-0.419446
29,24,0.0492,0.0424916,0.0424916,0.0446836,0.500015
29,28,0.0249,0.0399985,0.0399985,0.0413423,-1.96745
29,52,0.117,0.0841137,0.0841137,0.0909174,1.41919
29,76,0.0579,0.05936,0.05936,0.0576111,0.0248085
29,100,0.115,0.0975842,0.0975842,0.101123,0.678864
29,104,0.0851,0.0929698,0.0929698,0.0944018,-0.487442
29,108,0.0848,0.087537,0.087537,0.0873537,-0.144617
29,112,0.0809,0.0824015,0.0824015,0.0808218,0.00478553
29,116,0.0626,0.0775669,0.0775669,0.0747783,-0.805648
29,120,0.0773,0.0730159,0.0730159,0.0691866,0.580118
30,0.5,0.0188,0.0232227,0.0232227,0.0203769,-0.382832
30,4,0.0601,0.0562851,0.0562851,0.0450679,1.65001
30,8,0.0487,0.0540938,0.0540938,0.0430662,0.647149
30,12,0.0262,0.050942,0.050942,0.0406722,-1.76024
30,16,0.0352,0.0479535,0.0479535,0.038406,-0.412951
30,20,0.037,0.04514,0.04514,0.036266,0.100127
30,24,0.033,0.0424916,0.0424916,0.0342452,-0.179875
30,28,0.0326,0.0399985,0.0399985,0.032337,0.0402322
30,52,0.0596,0.0841137,0.0841137,0.0679925,-0.610614
30,76,0.0508,0.05936,0.05936,0.0485889,0.225118
30,100,0.083,0.0975842,0.0975842,0.0795139,0.216885
30,104,0.0773,0.0929698,0.0929698,0.0755928,0.111723
30,108,0.0684,0.087537,0.087537,0.0713864,-0.206954
30,112,0.073,0.0824015,0.0824015,0.0674088,0.410324
30,116,0.0662,0.0775669,0.0775669,0.0636527,0.197971
30,120,0.0552,0.0730159,0.0730159,0.0601059,-0.403772
31,0.5,0.0335,0.0232227,0.0232227,0.0317928,0.265632
31,4,0.0752,0.0562851,0.0562851,0.0689335,0.449709
31,8,0.0771,0.0540938,0.0540938,0.0637645,1.03458
31,12,0.0632,0.050942,0.050942,0.0582534,0.420069
31,16,0.0549,0.0479535,0.0479535,0.0532103,0.157095
31,20,0.0589,0.04514,0.04514,0.0486036,1.04798
31,24,0.0249,0.0424916,0.0424916,0.0443958,-2.17237
31,28,0.0346,0.0399985,0.0399985,0.0405522,-0.726108
31,52,0.0712,0.0841137,0.0841137,0.0924869,-1.13859
31,76,0.0357,0.05936,0.05936,0.0542324,-1.69048
31,100,0.109,0.0975842,0.0975842,0.100433,0.421999
31,104,0.0696,0.0929698,0.0929698,0.0925366,-1.22617
31,108,0.0839,0.087537,0.087537,0.0845345,-0.0371336
31,112,0.0868,0.0824015,0.0824015,0.0772161,0.614001
31,116,0.0666,0.0775669,0.0775669,0.0705312,-0.275726
31,120,0.0802,0.0730159,0.0730159,0.064425,1.2113
32,0.5,0.0635,0.0232227,0.0232227,0.0589587,0.381037
32,4,0.0858,0.0562851,0.0562851,0.0885908,-0.155839
32,8,0.082,0.0540938,0.0540938,0.0819892,0.000653024
32,12,0.0769,0.050942,0.050942,0.0758475,0.068646
32,16,0.0773,0.0479535,0.0479535,0.0701659,0.502979
32,20,0.0545,0.04514,0.04514,0.0649099,-0.793359
32,24,0.0749,0.0424916,0.0424916,0.0600476,1.2236
32,28,0.0608,0.0399985,0.0399985,0.0555495,0.467582
32,52,0.144,0.0841137,0.0841137,0.123408,0.825472
32,76,0.0583,0.05936,0.05936,0.0773716,-1.21938
32,100,0.137,0.0975842,0.0975842,0.137085,-0.00306617
32,104,0.151,0.0929698,0.0929698,0.126851,0.941775
32,108,0.0755,0.087537,0.087537,0.117349,-1.76416
32,112,0.116,0.0824015,0.0824015,0.108558,0.339122
32,116,0.132,0.0775669,0.0775669,0.100426,1.55531
32,120,0.092,0.0730159,0.0730159,0.0929034,-0.0481052
33,0.5,0.0357,0.0232227,0.0232227,0.0331369,0.382641
33,4,0.0569,0.0562851,0.0562851,0.0627617,-0.462023
33,8,0.0711,0.0540938,0.0540938,0.0594803,0.966398
33,12,0.0516,0.050942,0.050942,0.0561523,-0.401051
33,16,0.0476,0.0479535,0.0479535,0.0530097,-0.504838
33,20,0.0457,0.04514,0.04514,0.0500429,-0.429316
33,24,0.0324,0.0424916,0.0424916,0.0472422,-1.55419
33,28,0.0657,0.0399985,0.0399985,0.0445983,2.34065
33,52,0.0805,0.0841137,0.0841137,0.0943294,-0.725259
33,76,0.0722,0.05936,0.05936,0.0669427,0.388504
33,100,0.127,0.0975842,0.0975842,0.110145,0.756988
33,104,0.104,0.0929698,0.0929698,0.104212,-0.01007
33,108,0.105,0.087537,0.087537,0.0983806,0.332845
33,112,0.0712,0.0824015,0.0824015,0.0928747,-1.15449
33,116,0.0693,0.0775669,0.0775669,0.0876768,-1.03686
33,120,0.106,0.0730159,0.0730159,0.0827699,1.3884
34,0.5,0.0158,0.0232227,0.0232227,0.0171529,-0.390191
34,4,0.064,0.0562851,0.0562851,0.0569853,0.608949
34,8,0.0625,0.0540938,0.0540938,0.0587764,0.3134
34,12,0.0646,0.050942,0.050942,0.0561165,0.747863
34,16,0.0508,0.0479535,0.0479535,0.0532313,-0.225947
34,20,0.0457,0.04514,0.04514,0.0504658,-0.467172
34,24,0.0433,0.0424916,0.0424916,0.0478416,-0.469616
34,28,0.04,0.0399985,0.0399985,0.0453537,-0.583954
34,52,0.0856,0.0841137,0.0841137,0.0899048,-0.236866
34,76,0.0611,0.05936,0.05936,0.0692479,-0.582069
34,100,0.123,0.0975842,0.0975842,0.107248,0.726575
34,104,0.102,0.0929698,0.0929698,0.106425,-0.205698
34,108,0.156,0.087537,0.087537,0.101287,2.67219
34,112,0.0974,0.0824015,0.0824015,0.0960532,0.0693624
34,116,0.0915,0.0775669,0.0775669,0.0910608,0.0238577
34,120,0.0754,0.0730159,0.0730159,0.0863256,-0.626095
35,0.5,0.014,0.0232227,0.0232227,0.0159466,-0.603878
35,4,0.0494,0.0562851,0.0562851,0.05308,-0.342966
35,8,0.0635,0.0540938,0.0540938,0.0544828,0.818744
35,12,0.0515,0.050942,0.050942,0.0516471,-0.014085
35,16,0.0514,0.0479535,0.0479535,0.0486234,0.282495
35,20,0.0539,0.04514,0.04514,0.0457482,0.881488
35,24,0.0486,0.0424916,0.0424916,0.0430406,0.63898
35,28,0.0284,0.0399985,0.0399985,0.040493,-1.47737
35,52,0.0876,0.0841137,0.0841137,0.0811596,0.392564
35,76,0.0332,0.05936,0.05936,0.0599646,-2.20801
35,100,0.0793,0.0975842,0.0975842,0.094662,-0.802802
35,104,0.107,0.0929698,0.0929698,0.0936036,0.707998
35,108,0.105,0.087537,0.087537,0.0884523,0.925476
35,112,0.0611,0.0824015,0.0824015,0.0832501,-1.31621
35,116,0.0487,0.0775669,0.0775669,0.0783253,-1.8711
35,120,0.101,0.0730159,0.0730159,0.0736895,1.83341
36,0.5,0.0116,0.0232227,0.0232227,0.0125499,-0.374439
36,4,0.0523,0.0562851,0.0562851,0.0500254,0.224934
36,8,0.0401,0.0540938,0.0540938,0.0553121,-1.36052
36,12,0.0522,0.050942,0.050942,0.053482,-0.118583
36,16,0.05,0.0479535,0.0479535,0.0506474,-0.0632377
36,20,0.0603,0.04514,0.04514,0.0477941,1.29443
36,24,0.0562,0.0424916,0.0424916,0.0450741,1.22108
36,28,0.045,0.0399985,0.0399985,0.0425044,0.290448
36,52,0.0564,0.0841137,0.0841137,0.0799084,-1.45534
36,76,0.0571,0.05936,0.05936,0.0635137,-0.49955
36,100,0.0872,0.0975842,0.0975842,0.094679,-0.390773
36,104,0.0898,0.0929698,0.0929698,0.0974191,-0.386895
36,108,0.11,0.087537,0.087537,0.0931877,0.892494
36,112,0.1,0.0824015,0.0824015,0.0880887,0.668922
36,116,0.0894,0.0775669,0.0775669,0.0831,0.375035
36,120,0.0755,0.0730159,0.0730159,0.0783666,-0.180953
37,0.5,0.0238,0.0232227,0.0232227,0.0241944,-0.0806369
37,4,0.08,0.0562851,0.0562851,0.0616217,1.47539
37,8,0.0534,0.0540938,0.0540938,0.058457,-0.427952
37,12,0.0674,0.050942,0.050942,0.0538748,1.24192
37,16,0.0416,0.0479535,0.0479535,0.0496091,-0.798653
37,20,0.0477,0.04514,0.04514,0.0456799,0.218764
37,24,0.0554,0.0424916,0.0424916,0.0420619,1.5687
37,28,0.0176,0.0399985,0.0399985,0.0387305,-2.69893
37,52,0.0815,0.0841137,0.0841137,0.0852284,-0.216409
37,76,0.0567,0.05936,0.05936,0.0531191,0.333487
37,100,0.0893,0.0975842,0.0975842,0.0939984,-0.247269
37,104,0.0598,0.0929698,0.0929698,0.0882694,-1.59553
37,108,0.0818,0.087537,0.087537,0.081326,0.0288327
37,112,0.0635,0.0824015,0.0824015,0.074886,-0.752156
37,116,0.0561,0.0775669,0.0775669,0.0689549,-0.922228
37,120,0.0751,0.0730159,0.0730159,0.0634934,0.904298
38,0.5,0.00874,0.0232227,0.0232227,0.0120228,-1.35074
38,4,0.0416,0.0562851,0.0562851,0.0480544,-0.664445
38,8,0.058,0.0540938,0.0540938,0.0528837,0.478594
38,12,0.0647,0.050942,0.050942,0.0506869,1.36765
38,16,0.0345,0.0479535,0.0479535,0.0475144,-1.35499
38,20,0.0491,0.04514,0.04514,0.0443665,0.527793
38,24,0.0459,0.0424916,0.0424916,0.0413981,0.53796
38,28,0.0356,0.0399985,0.0399985,0.0386235,-0.38725
38,52,0.0977,0.0841137,0.0841137,0.0735231,1.62672
38,76,0.0587,0.05936,0.05936,0.0554177,0.292996
38,100,0.0756,0.0975842,0.0975842,0.0845974,-0.526132
38,104,0.0963,0.0929698,0.0929698,0.0869765,0.530287
38,108,0.0741,0.087537,0.087537,0.0824938,-0.503355
38,112,0.0568,0.0824015,0.0824015,0.0771887,-1.30669
38,116,0.0719,0.0775669,0.0775669,0.0720512,-0.010379
38,120,0.0661,0.0730159,0.0730159,0.0672266,-0.0828991
39,0.5,0.032,0.0232227,0.0232227,0.0321403,-0.0216014
39,4,0.0841,0.0562851,0.0562851,0.0729058,0.759571
39,8,0.0526,0.0540938,0.0540938,0.0686772,-1.15807
39,12,0.0872,0.050942,0.050942,0.0637277,1.82206
39,16,0.0548,0.0479535,0.0479535,0.0591213,-0.36158
39,20,0.058,0.04514,0.04514,0.0548476,0.284324
39,24,0.0413,0.0424916,0.0424916,0.0508829,-0.931669
39,28,0.0495,0.0399985,0.0399985,0.0472048,0.240532
39,52,0.11,0.0841137,0.0841137,0.102999,0.336245
39,76,0.0919,0.05936,0.05936,0.0663895,1.90088
39,100,0.0924,0.0975842,0.0975842,0.115229,-0.980094
39,104,0.113,0.0929698,0.0929698,0.107942,0.231829
39,108,0.103,0.087537,0.087537,0.100154,0.140587
39,112,0.0925,0.0824015,0.0824015,0.0929142,-0.0220536
39,116,0.0687,0.0775669,0.0775669,0.0861978,-1.00421
39,120,0.0666,0.0730159,0.0730159,0.0799669,-0.826907
40,0.5,0.0237,0.0232227,0.0232227,0.0235568,0.0300659
40,4,0.0568,0.0562851,0.0562851,0.0622433,-0.43262
40,8,0.0608,0.0540938,0.0540938,0.0609522,-0.0123528
40,12,0.062,0.050942,0.050942,0.0579018,0.35014
40,16,0.0486,0.0479535,0.0479535,0.0549516,-0.571795
40,20,0.0599,0.04514,0.04514,0.0521502,0.735136
40,24,0.05,0.0424916,0.0424916,0.0494916,0.0508159
40,28,0.0516,0.0399985,0.0399985,0.0469685,0.487808
40,52,0.0884,0.0841137,0.0841137,0.0965563,-0.417877
40,76,0.0877,0.05936,0.05936,0.072036,1.0757
40,100,0.101,0.0975842,0.0975842,0.114869,-0.597295
40,104,0.0921,0.0929698,0.0929698,0.110895,-0.838443
40,108,0.144,0.087537,0.087537,0.105299,1.81818
40,112,0.109,0.0824015,0.0824015,0.0999324,0.448871
40,116,0.112,0.0775669,0.0775669,0.0948379,0.89521
40,120,0.0685,0.0730159,0.0730159,0.090003,-1.18189
41,0.5,0.0194,0.0232227,0.0232227,0.0182282,0.318024
41,4,0.0458,0.0562851,0.0562851,0.0422657,0.413669
41,8,0.0386,0.0540938,0.0540938,0.0406631,-0.250994
41,12,0.0357,0.050942,0.050942,0.0385241,-0.362641
41,16,0.0392,0.0479535,0.0479535,0.0364887,0.36758
41,20,0.0331,0.04514,0.04514,0.0345608,-0.209093
41,24,0.0372,0.0424916,0.0424916,0.0327347,0.674802
41,28,0.0396,0.0962837,0.0962837,0.0732708,-2.27331
41,52,0.0979,0.124112,0.124112,0.0956572,0.115988
41,76,0.147,0.143474,0.143474,0.111821,1.55633
41,100,0.0951,0.156944,0.156944,0.123491,-1.13731
41,104,0.115,0.148847,0.148847,0.117597,-0.109236
41,108,0.12,0.140136,0.140136,0.111393,0.382247
41,112,0.0901,0.131914,0.131914,0.105507,-0.722402
41,116,0.0747,0.124175,0.124175,0.0999326,-1.24908
41,120,0.101,0.116889,0.116889,0.0946526,0.331743
42,0.5,0.0333,0.0232227,0.0232227,0.0312963,0.31672
42,4,0.0505,0.0562851,0.0562851,0.0557798,-0.468251
42,8,0.0461,0.0540938,0.0540938,0.0529554,-0.640414
42,12,0.055,0.050942,0.050942,0.0501626,0.477058
42,16,0.0448,0.0479535,0.0479535,0.0475168,-0.282839
42,20,0.0396,0.04514,0.04514,0.0450105,-0.594646
42,24,0.0425,0.0424916,0.0424916,0.0426364,-0.0158288
42,28,0.102,0.0962837,0.0962837,0.0961674,0.300033
42,52,0.157,0.124112,0.124112,0.125345,1.24931
42,76,0.112,0.143474,0.143474,0.146424,-1.16302
42,100,0.147,0.156944,0.156944,0.161652,-0.448399
42,104,0.192,0.148847,0.148847,0.153244,1.2511
42,108,0.153,0.140136,0.140136,0.145161,0.267133
42,112,0.157,0.131914,0.131914,0.137505,0.701367
42,116,0.121,0.124175,0.124175,0.130252,-0.351393
42,120,0.126,0.116889,0.116889,0.123382,0.104966
43,0.5,0.0244,0.0232227,0.0232227,0.0241473,0.051775
43,4,0.0475,0.0562851,0.0562851,0.0515327,-0.387121
43,8,0.0479,0.0540938,0.0540938,0.0495867,-0.168271
43,12,0.04,0.050942,0.050942,0.0472955,-0.763082
43,16,0.0464,0.0479535,0.0479535,0.0451066,0.141846
43,20,0.0521,0.04514,0.04514,0.043019,1.04426
43,24,0.0472,0.0424916,0.0424916,0.0410281,0.744178
43,28,0.1,0.0962837,0.0962837,0.0906619,0.50953
43,52,0.109,0.124112,0.124112,0.120108,-0.457496
43,76,0.146,0.143474,0.143474,0.142266,0.129828
43,100,0.0894,0.156944,0.156944,0.158941,-2.16442
43,104,0.0978,0.148847,0.148847,0.152024,-1.76448
43,108,0.164,0.140136,0.140136,0.144992,0.64852
43,112,0.135,0.131914,0.131914,0.138282,-0.117403
43,116,0.146,0.124175,0.124175,0.131882,0.529574
43,120,0.167,0.116889,0.116889,0.125778,1.62128
44,0.5,0.0133,0.0232227,0.0232227,0.0154103,-0.677449
44,4,0.0518,0.0562851,0.0562851,0.0517927,0.000693521
44,8,0.0727,0.0540938,0.0540938,0.0534273,1.7845
44,12,0.0535,0.050942,0.050942,0.050798,0.263136
44,16,0.0421,0.0479535,0.0479535,0.0479495,-0.603492
44,20,0.039,0.04514,0.04514,0.0452302,-0.681416
44,24,0.0403,0.0424916,0.0424916,0.0426625,-0.273943
44,28,0.0839,0.0962837,0.0962837,0.092033,-0.437163
44,52,0.135,0.124112,0.124112,0.12037,0.601277
44,76,0.104,0.143474,0.143474,0.140324,-1.28055
44,100,0.169,0.156944,0.156944,0.154375,0.468648
44,104,0.168,0.148847,0.148847,0.150185,0.58679
44,108,0.141,0.140136,0.140136,0.142063,-0.0369998
44,112,0.166,0.131914,0.131914,0.134032,1.17988
44,116,0.095,0.124175,0.124175,0.126426,-1.22966
44,120,0.121,0.116889,0.116889,0.119248,0.0726885
45,0.5,0.0243,0.0232227,0.0232227,0.0248053,-0.100775
45,4,0.0594,0.0562851,0.0562851,0.0659595,-0.49196
45,8,0.0808,0.0540938,0.0540938,0.0630464,1.39303
45,12,0.0477,0.050942,0.050942,0.0581717,-0.890512
45,16,0.0574,0.0479535,0.0479535,0.0536045,0.35027
45,20,0.0482,0.04514,0.04514,0.0493936,-0.119538
45,24,0.0531,0.0424916,0.0424916,0.0455133,0.824612
45,28,0.12,0.0962837,0.0962837,0.107897,0.554886
45,52,0.162,0.124112,0.124112,0.133567,1.05308
45,76,0.182,0.143474,0.143474,0.149279,1.08435
45,100,0.093,0.156944,0.156944,0.158895,-2.05154
45,104,0.119,0.148847,0.148847,0.148681,-0.987562
45,108,0.112,0.140136,0.140136,0.137079,-0.905067
45,112,0.118,0.131914,0.131914,0.126313,-0.325587
45,116,0.128,0.124175,0.124175,0.116391,0.49343
45,120,0.109,0.116889,0.116889,0.107247,0.0808472
46,0.5,0.0441,0.0232227,0.0232227,0.0441109,-0.00121954
46,4,0.104,0.0562851,0.0562851,0.0791391,1.55404
46,8,0.0631,0.0540938,0.0540938,0.0725894,-0.646697
46,12,0.0517,0.050942,0.050942,0.0663751,-1.09373
46,16,0.0539,0.0479535,0.0479535,0.0606922,-0.553625
46,20,0.0643,0.04514,0.04514,0.0554959,0.784799
46,24,0.0511,0.0424916,0.0424916,0.0507445,0.0346567
46,28,0.184,0.0962837,0.0962837,0.125539,2.30369
46,52,0.163,0.124112,0.124112,0.152659,0.335115
46,76,0.16,0.143474,0.143474,0.168509,-0.249811
46,100,0.178,0.156944,0.156944,0.177774,0.00629254
46,104,0.135,0.148847,0.148847,0.162779,-0.844225
46,108,0.121,0.140136,0.140136,0.148843,-0.925393
46,112,0.147,0.131914,0.131914,0.1361,0.396205
46,116,0.0843,0.124175,0.124175,0.124447,-1.5959
46,120,0.141,0.116889,0.116889,0.113792,1.18281
47,0.5,0.035,0.0232227,0.0232227,0.0329461,0.308394
47,4,0.0287,0.0562851,0.0562851,0.0520084,-2.21705
47,8,0.0559,0.0540938,0.0540938,0.0491608,0.678147
47,12,0.0458,0.050942,0.050942,0.0464401,-0.0681852
47,16,0.0412,0.0479535,0.0479535,0.0438699,-0.301072
47,20,0.0423,0.04514,0.04514,0.041442,0.102417
47,24,0.0407,0.0424916,0.0424916,0.0391485,0.196057
47,28,0.097,0.0962837,0.0962837,0.0889903,0.445258
47,52,0.13,0.124112,0.124112,0.115271,0.632121
47,76,0.141,0.143474,0.143474,0.133946,0.260509
47,100,0.15,0.156944,0.156944,0.147218,0.0934922
47,104,0.128,0.148847,0.148847,0.139101,-0.394788
47,108,0.124,0.140136,0.140136,0.131403,-0.278686
47,112,0.148,0.131914,0.131914,0.12413,0.951273
47,116,0.106,0.124175,0.124175,0.11726,-0.475051
47,120,0.115,0.116889,0.116889,0.110771,0.18887
48,0.5,0.0142,0.0232227,0.0232227,0.0144806,-0.0958583
48,4,0.0564,0.0562851,0.0562851,0.0535771,0.260648
48,8,0.0676,0.0540938,0.0540938,0.0577119,0.84759
48,12,0.0534,0.050942,0.050942,0.0558831,-0.219814
48,16,0.0518,0.0479535,0.0479535,0.0534284,-0.150776
48,20,0.0392,0.04514,0.04514,0.0509987,-1.14449
48,24,0.0565,0.0424916,0.0424916,0.0486694,0.795935
48,28,0.0964,0.0962837,0.0962837,0.100022,-0.179149
48,52,0.128,0.124112,0.124112,0.1351,-0.259995
48,76,0.168,0.143474,0.143474,0.161594,0.196119
48,100,0.181,0.156944,0.156944,0.181603,-0.0164262
48,104,0.161,0.148847,0.148847,0.179886,-0.519383
48,108,0.254,0.140136,0.140136,0.172474,2.33835
48,112,0.164,0.131914,0.131914,0.16469,-0.0207374
48,116,0.125,0.124175,0.124175,0.157176,-1.01269
48,120,0.17,0.116889,0.116889,0.149993,0.659838
49,0.5,0.0161,0.0232227,0.0232227,0.0160819,0.00557585
49,4,0.0377,0.0562851,0.0562851,0.0461334,-0.904324
49,8,0.0402,0.0540938,0.0540938,0.0460387,-0.627381
49,12,0.0526,0.050942,0.050942,0.0440027,0.966535
49,16,0.0483,0.0479535,0.0479535,0.0419749,0.745448
49,20,0.0373,0.04514,0.04514,0.0400368,-0.338162
49,24,0.0388,0.0424916,0.0424916,0.0381881,0.0792598
49,28,0.0509,0.0962837,0.0962837,0.0825582,-1.89698
49,52,0.145,0.124112,0.124112,0.109987,1.57478
49,76,0.139,0.143474,0.143474,0.130642,0.316484
49,100,0.131,0.156944,0.156944,0.146196,-0.51419
49,104,0.13,0.148847,0.148847,0.141481,-0.401428
49,108,0.127,0.140136,0.140136,0.135038,-0.294449
49,112,0.149,0.131914,0.131914,0.128806,0.77556
49,116,0.112,0.124175,0.124175,0.122859,-0.437232
49,120,0.131,0.116889,0.116889,0.117186,0.583157
50,0.5,0.0167,0.0232227,0.0232227,0.0183174,-0.436804
50,4,0.0672,0.0562851,0.0562851,0.057866,0.797954
50,8,0.0454,0.0540938,0.0540938,0.0582353,-1.09032
50,12,0.0765,0.050942,0.050942,0.05479,1.96018
50,16,0.0317,0.0479535,0.0479535,0.0512983,-1.88996
50,20,0.0553,0.04514,0.04514,0.0480117,0.75096
50,24,0.0523,0.0424916,0.0424916,0.0449344,0.810901
50,28,0.119,0.0962837,0.0962837,0.0999202,0.944616
50,52,0.106,0.124112,0.124112,0.128182,-0.856059
50,76,0.135,0.143474,0.143474,0.147174,-0.409201
50,100,0.153,0.156944,0.156944,0.159937,-0.214572
50,104,0.114,0.148847,0.148847,0.153764,-1.2793
50,108,0.132,0.140136,0.140136,0.144196,-0.418394
50,112,0.132,0.131914,0.131914,0.134973,-0.108973
50,116,0.118,0.124175,0.124175,0.126323,-0.325947
50,120,0.153,0.116889,0.116889,0.118226,1.45503
51,0.5,0.0271,0.0232227,0.0232227,0.0271184,-0.00335523
51,4,0.0608,0.0562851,0.0562851,0.0591524,0.137791
51,8,0.0577,0.0540938,0.0540938,0.0565929,0.0967764
51,12,0.0659,0.050942,0.050942,0.0535716,1.13843
51,16,0.0271,0.0479535,0.0479535,0.0507058,-2.30302
51,20,0.043,0.04514,0.04514,0.0479933,-0.514684
51,24,0.0538,0.0424916,0.0424916,0.0454258,0.911956
51,28,0.0714,0.0962837,0.0962837,0.102148,-1.4891
51,52,0.118,0.124112,0.124112,0.133063,-0.559988
51,76,0.205,0.143474,0.143474,0.15529,1.58355
51,100,0.224,0.156944,0.156944,0.171272,1.52295
51,104,0.159,0.148847,0.148847,0.162715,-0.112946
51,108,0.149,0.140136,0.140136,0.154017,-0.161133
51,112,0.156,0.131914,0.131914,0.145778,0.346898
51,116,0.13,0.124175,0.124175,0.137979,-0.286071
51,120,0.116,0.116889,0.116889,0.130598,-0.552951
52,0.5,0.0151,0.0232227,0.0232227,0.0162509,-0.350335
52,4,0.0457,0.0562851,0.0562851,0.0501999,-0.443445
52,8,0.0432,0.0540938,0.0540938,0.050991,-0.755848
52,12,0.0509,0.050942,0.050942,0.0488739,0.205081
52,16,0.0333,0.0479535,0.0479535,0.0466774,-1.41775
52,20,0.0549,0.04514,0.04514,0.0445695,1.14663
52,24,0.0525,0.0424916,0.0424916,0.0425561,1.15593
52,28,0.0945,0.0962837,0.0962837,0.0908336,0.199677
52,52,0.119,0.124112,0.124112,0.121625,-0.106771
52,76,0.154,0.143474,0.143474,0.144958,0.308562
52,100,0.187,0.156944,0.156944,0.16264,0.740951
52,104,0.183,0.148847,0.148847,0.158351,0.770026
52,108,0.159,0.140136,0.140136,0.151384,0.248862
52,112,0.124,0.131914,0.131914,0.144557,-0.703489
52,116,0.129,0.124175,0.124175,0.138027,-0.323546
52,120,0.136,0.116889,0.116889,0.131792,0.157943
53,0.5,0.0387,0.0232227,0.0232227,0.0367666,0.260142
53,4,0.0399,0.0562851,0.0562851,0.0664697,-1.97742
53,8,0.0606,0.0540938,0.0540938,0.0631704,-0.201287
53,12,0.066,0.050942,0.050942,0.0598839,0.505242
53,16,0.0554,0.0479535,0.0479535,0.0567681,-0.119218
53,20,0.0747,0.04514,0.04514,0.0538144,1.91993
53,24,0.0509,0.0424916,0.0424916,0.0510143,-0.0110865
53,28,0.11,0.0962837,0.0962837,0.11483,-0.208067
53,52,0.133,0.124112,0.124112,0.149925,-0.558462
53,76,0.222,0.143474,0.143474,0.175394,1.3145
53,100,0.13,0.156944,0.156944,0.193878,-1.62988
53,104,0.231,0.148847,0.148847,0.183949,1.26534
53,108,0.132,0.140136,0.140136,0.174378,-1.20223
53,112,0.173,0.131914,0.131914,0.165305,0.230277
53,116,0.172,0.124175,0.124175,0.156704,0.482871
53,120,0.158,0.116889,0.116889,0.148551,0.314678
54,0.5,0.04,0.0232227,0.0232227,0.035696,0.596462
54,4,0.0538,0.0562851,0.0562851,0.0611914,-0.597548
54,8,0.0647,0.0540938,0.0540938,0.0578488,0.585881
54,12,0.053,0.050942,0.050942,0.054603,-0.145228
54,16,0.0601,0.0479535,0.0479535,0.0515392,0.8217
54,20,0.0416,0.04514,0.04514,0.0486473,-0.716637
54,24,0.0519,0.0424916,0.0424916,0.0459177,0.644506
54,28,0.114,0.0962837,0.0962837,0.104533,0.448037
54,52,0.091,0.124112,0.124112,0.135182,-1.61683
54,76,0.154,0.143474,0.143474,0.156857,-0.0901087
54,100,0.171,0.156944,0.156944,0.172185,-0.0340456
54,104,0.185,0.148847,0.148847,0.162614,0.680995
54,108,0.145,0.140136,0.140136,0.15349,-0.273636
54,112,0.159,0.131914,0.131914,0.144878,0.482211
54,116,0.12,0.124175,0.124175,0.136749,-0.605887
54,120,0.155,0.116889,0.116889,0.129076,0.993576
55,0.5,0.04,0.0232227,0.0232227,0.0388737,0.143327
55,4,0.0801,0.0562851,0.0562851,0.0667417,0.990123
55,8,0.0561,0.0540938,0.0540938,0.0609355,-0.392562
55,12,0.0278,0.050942,0.050942,0.0555148,-2.46967
55,16,0.0564,0.0479535,0.0479535,0.050576,0.569654
55,20,0.0384,0.04514,0.04514,0.0460766,-0.824186
55,24,0.0342,0.0424916,0.0424916,0.0419775,-0.916558
55,28,0.123,0.0962837,0.0962837,0.104985,0.848885
55,52,0.156,0.124112,0.124112,0.126851,1.13676
55,76,0.18,0.143474,0.143474,0.139353,1.44294
55,100,0.12,0.156944,0.156944,0.146501,-0.894871
55,104,0.14,0.148847,0.148847,0.133599,0.237003
55,108,0.0913,0.140136,0.140136,0.121714,-1.23615
55,112,0.114,0.131914,0.131914,0.110886,0.138915
55,116,0.121,0.124175,0.124175,0.101021,0.978333
55,120,0.0605,0.116889,0.116889,0.0920343,-1.695
56,0.5,0.0363,0.0232227,0.0232227,0.0355724,0.101192
56,4,0.0745,0.0562851,0.0562851,0.0712039,0.229002
56,8,0.07,0.0540938,0.0540938,0.0674985,0.183336
56,12,0.0784,0.050942,0.050942,0.0636002,1.15115
56,16,0.0543,0.0479535,0.0479535,0.0599249,-0.464349
56,20,0.0551,0.04514,0.04514,0.056462,-0.11933
56,24,0.0614,0.0424916,0.0424916,0.0531992,0.762587
56,28,0.0811,0.0962837,0.0962837,0.121329,-1.64024
56,52,0.163,0.124112,0.124112,0.1564,0.208773
56,76,0.197,0.143474,0.143474,0.180937,0.439159
56,100,0.207,0.156944,0.156944,0.198106,0.222098
56,104,0.278,0.148847,0.148847,0.187067,2.40469
56,108,0.161,0.140136,0.140136,0.176259,-0.428268
56,112,0.139,0.131914,0.131914,0.166074,-0.806455
56,116,0.156,0.124175,0.124175,0.156476,-0.0150643
56,120,0.143,0.116889,0.116889,0.147434,-0.148778
57,0.5,0.0332,0.0232227,0.0232227,0.0327489,0.0681406
57,4,0.0758,0.0562851,0.0562851,0.0654384,0.783304
57,8,0.076,0.0540938,0.0540938,0.0608443,1.23223
57,12,0.0391,0.050942,0.050942,0.0561902,-1.5046
57,16,0.0668,0.0479535,0.0479535,0.0518896,1.42149
57,20,0.0498,0.04514,0.04514,0.0479182,0.19427
57,24,0.0381,0.0424916,0.0424916,0.0442508,-0.687612
57,28,0.078,0.0962837,0.0962837,0.106302,-1.31709
57,52,0.119,0.124112,0.124112,0.131646,-0.47519
57,76,0.136,0.143474,0.143474,0.147363,-0.381451
57,100,0.143,0.156944,0.156944,0.157111,-0.444301
57,104,0.151,0.148847,0.148847,0.1455,0.186984
57,108,0.0958,0.140136,0.140136,0.134367,-1.4199
57,112,0.139,0.131914,0.131914,0.124083,0.594704
57,116,0.147,0.124175,0.124175,0.114586,1.39937
57,120,0.0868,0.116889,0.116889,0.105816,-0.889018
58,0.5,0.0389,0.0232227,0.0232227,0.0368034,0.281815
58,4,0.0624,0.0562851,0.0562851,0.0629796,-0.0455247
58,8,0.0427,0.0540938,0.0540938,0.0599521,-1.42355
58,12,0.0687,0.050942,0.050942,0.0569875,1.01673
58,16,0.0606,0.0479535,0.0479535,0.0541695,0.587256
58,20,0.0425,0.04514,0.04514,0.0514908,-0.863779
58,24,0.0288,0.0424916,0.0424916,0.0489445,-2.03605
58,28,0.0907,0.0962837,0.0962837,0.109504,-0.849476
58,52,0.163,0.124112,0.124112,0.143822,0.659646
58,76,0.193,0.143474,0.143474,0.169137,0.69795
58,100,0.244,0.156944,0.156944,0.18781,1.48004
58,104,0.192,0.148847,0.148847,0.17861,0.370866
58,108,0.181,0.140136,0.140136,0.169778,0.326996
58,112,0.149,0.131914,0.131914,0.161382,-0.379551
58,116,0.177,0.124175,0.124175,0.153402,0.76101
58,120,0.14,0.116889,0.116889,0.145816,-0.197303
59,0.5,0.0215,0.0232227,0.0232227,0.0194995,0.507511
59,4,0.0318,0.0562851,0.0562851,0.0315509,0.0390645
59,8,0.0293,0.0540938,0.0540938,0.0303288,-0.167805
59,12,0.0232,0.050942,0.050942,0.0291335,-1.00752
59,16,0.031,0.0479535,0.0479535,0.0279853,0.532906
59,20,0.032,0.04514,0.04514,0.0268823,0.941758
59,24,0.0164,0.0424916,0.0424916,0.0258229,-1.80515
59,28,0.045,0.0962837,0.0962837,0.056356,-0.99683
59,52,0.0605,0.124112,0.124112,0.0758439,-1.00081
59,76,0.0769,0.143474,0.143474,0.0911545,-0.773586
59,100,0.128,0.156944,0.156944,0.103183,1.18981
59,104,0.0878,0.148847,0.148847,0.0991378,-0.565751
59,108,0.0861,0.140136,0.140136,0.0952306,-0.474308
59,112,0.087,0.131914,0.131914,0.0914774,-0.242132
59,116,0.0774,0.124175,0.124175,0.0878722,-0.589551
59,120,0.0978,0.116889,0.116889,0.084409,0.784803
60,0.5,0.0366,0.0232227,0.0232227,0.0342695,0.336416
60,4,0.062,0.0562851,0.0562851,0.0624925,-0.0389853
60,8,0.042,0.0540938,0.0540938,0.0587377,-1.40966
60,12,0.0579,0.050942,0.050942,0.0550448,0.2566
60,16,0.0444,0.0479535,0.0479535,0.0515836,-0.688913
60,20,0.0524,0.04514,0.04514,0.04834,0.415486
60,24,0.0479,0.0424916,0.0424916,0.0453004,0.283888
60,28,0.0748,0.0962837,0.0962837,0.104944,-1.42096
60,52,0.178,0.124112,0.124112,0.133696,1.63929
60,76,0.186,0.143474,0.143474,0.15317,1.06033
60,100,0.222,0.156944,0.156944,0.166359,1.65459
60,104,0.131,0.148847,0.148847,0.156073,-0.794711
60,108,0.132,0.140136,0.140136,0.146259,-0.482292
60,112,0.141,0.131914,0.131914,0.137062,0.142115
60,116,0.139,0.124175,0.124175,0.128444,0.406558
60,120,0.0979,0.116889,0.116889,0.120367,-0.923378
61,0.5,0.0217,0.0232227,0.0232227,0.0212896,0.0953735
61,4,0.047,0.0562851,0.0562851,0.0471986,-0.0208124
61,8,0.0613,0.0540938,0.0540938,0.0449782,1.79516
61,12,0.0436,0.050942,0.050942,0.042345,0.146611
61,16,0.0364,0.0479535,0.0479535,0.0398601,-0.429422
61,20,0.0261,0.04514,0.04514,0.0375209,-1.50578
61,24,0.027,0.0424916,0.0424916,0.035319,-1.16519
61,28,0.0584,0.0962837,0.0962837,0.0804449,-1.35564
61,52,0.0951,0.124112,0.124112,0.103574,-0.404722
61,76,0.14,0.143474,0.143474,0.119664,0.8407
61,100,0.0984,0.156944,0.156944,0.130858,-1.22702
61,104,0.171,0.148847,0.148847,0.123728,1.89006
61,108,0.108,0.140136,0.140136,0.116473,-0.359874
61,112,0.0882,0.131914,0.131914,0.109638,-0.967291
61,116,0.102,0.124175,0.124175,0.103204,-0.0577021
61,120,0.0928,0.116889,0.116889,0.0971473,-0.221372
62,0.5,0.013,0.0232227,0.0232227,0.0170983,-1.18572
62,4,0.0716,0.0562851,0.0562851,0.0573124,1.23324
62,8,0.0649,0.0540938,0.0540938,0.0584318,0.547604
62,12,0.0461,0.050942,0.050942,0.0547474,-0.781374
62,16,0.0494,0.0479535,0.0479535,0.0508968,-0.145482
62,20,0.0501,0.04514,0.04514,0.0472812,0.294927
62,24,0.0503,0.0424916,0.0424916,0.0439192,0.718719
62,28,0.081,0.0962837,0.0962837,0.0981083,-0.862655
62,52,0.12,0.124112,0.124112,0.124314,-0.171659
62,76,0.179,0.143474,0.143474,0.141147,1.32668
62,100,0.138,0.156944,0.156944,0.15196,-0.454444
62,104,0.148,0.148847,0.148847,0.146348,0.0558321
62,108,0.127,0.140136,0.140136,0.136412,-0.341314
62,112,0.12,0.131914,0.131914,0.126754,-0.26358
62,116,0.0854,0.124175,0.124175,0.117744,-1.35889
62,120,0.121,0.116889,0.116889,0.109371,0.526008
63,0.5,0.0306,0.0232227,0.0232227,0.0300547,0.0897502
63,4,0.0813,0.0562851,0.0562851,0.0638998,1.34707
63,8,0.0442,0.0540938,0.0540938,0.0616254,-1.39881
63,12,0.0478,0.050942,0.050942,0.0589313,-0.934403
63,16,0.051,0.0479535,0.0479535,0.0563508,-0.469737
63,20,0.0678,0.04514,0.04514,0.0538833,1.27767
63,24,0.056,0.0424916,0.0424916,0.0515239,0.429764
63,28,0.0816,0.0962837,0.0962837,0.113168,-1.37992
63,52,0.197,0.124112,0.124112,0.150828,1.51437
63,76,0.134,0.143474,0.143474,0.179616,-1.25635
63,100,0.183,0.156944,0.156944,0.201622,-0.456904
63,104,0.208,0.148847,0.148847,0.193317,0.375732
63,108,0.131,0.140136,0.140136,0.184856,-1.44125
63,112,0.193,0.131914,0.131914,0.176762,0.454445
63,116,0.19,0.124175,0.124175,0.169022,0.613988
63,120,0.239,0.116889,0.116889,0.161621,2.36845
64,0.5,0.0284,0.0232227,0.0232227,0.0266641,0.32205
64,4,0.0443,0.0562851,0.0562851,0.0510324,-0.65262
64,8,0.0515,0.0540938,0.0540938,0.048111,0.348472
64,12,0.0427,0.050942,0.050942,0.0451578,-0.269241
64,16,0.0447,0.0479535,0.0479535,0.042385,0.270194
64,20,0.0367,0.04514,0.04514,0.0397825,-0.383306
64,24,0.0429,0.0424916,0.0424916,0.0373398,0.736641
64,28,0.0977,0.0962837,0.0962837,0.0860795,0.667824
64,52,0.1,0.124112,0.124112,0.110042,-0.451432
64,76,0.114,0.143474,0.143474,0.126425,-0.486199
64,100,0.121,0.156944,0.156944,0.137627,-0.597657
64,104,0.13,0.148847,0.148847,0.129389,0.0233694
64,108,0.126,0.140136,0.140136,0.121445,0.185544
64,112,0.12,0.131914,0.131914,0.113988,0.26091
64,116,0.121,0.124175,0.124175,0.106989,0.647837
64,120,0.0881,0.116889,0.116889,0.10042,-0.6069
65,0.5,0.0324,0.0232227,0.0232227,0.0303509,0.33398
65,4,0.0565,0.0562851,0.0562851,0.0499773,0.645641
65,8,0.0478,0.0540938,0.0540938,0.0477858,0.00147086
65,12,0.0327,0.050942,0.050942,0.0456486,-1.40324
65,16,0.047,0.0479535,0.0479535,0.043607,0.384911
65,20,0.0224,0.04514,0.04514,0.0416567,-2.28682
65,24,0.0426,0.0424916,0.0424916,0.0397936,0.348872
65,28,0.0697,0.0962837,0.0962837,0.0879912,-1.02834
65,52,0.117,0.124112,0.124112,0.116879,0.00512363
65,76,0.144,0.143474,0.143474,0.138832,0.184166
65,100,0.183,0.156944,0.156944,0.155514,0.874339
65,104,0.17,0.148847,0.148847,0.148602,0.712323
65,108,0.158,0.140136,0.140136,0.141956,0.559099
65,112,0.163,0.131914,0.131914,0.135607,0.999282
65,116,0.129,0.124175,0.124175,0.129542,-0.0207089
65,120,0.114,0.116889,0.116889,0.123749,-0.389706
66,0.5,0.0191,0.0232227,0.0232227,0.0196405,-0.136127
66,4,0.0551,0.0562851,0.0562851,0.0602292,-0.421285
66,8,0.0621,0.0540938,0.0540938,0.0603809,0.140844
66,12,0.0761,0.050942,0.050942,0.0570509,1.65177
66,16,0.059,0.0479535,0.0479535,0.0537036,0.487876
66,20,0.0454,0.04514,0.04514,0.0505405,-0.503157
66,24,0.0527,0.0424916,0.0424916,0.047563,0.534292
66,28,0.1,0.0962837,0.0962837,0.10499,-0.235117
66,52,0.154,0.124112,0.124112,0.136083,0.651305
66,76,0.171,0.143474,0.143474,0.157683,0.417794
66,100,0.164,0.156944,0.156944,0.172687,-0.248857
66,104,0.128,0.148847,0.148847,0.166213,-1.13733
66,108,0.118,0.140136,0.140136,0.156648,-1.2205
66,112,0.166,0.131914,0.131914,0.147433,0.622989
66,116,0.137,0.124175,0.124175,0.138748,-0.0623185
66,120,0.157,0.116889,0.116889,0.130574,1.0012
67,0.5,0.0163,0.0232227,0.0232227,0.0174623,-0.329279
67,4,0.0532,0.0562851,0.0562851,0.0498029,0.337437
67,8,0.0391,0.0540938,0.0540938,0.0498498,-1.06677
67,12,0.0386,0.050942,0.050942,0.047877,-0.958552
67,16,0.0371,0.0479535,0.0479535,0.0459004,-0.948465
67,20,0.0402,0.04514,0.04514,0.044002,-0.427436
67,24,0.0526,0.0424916,0.0424916,0.0421819,1.2218
67,28,0.0884,0.0962837,0.0962837,0.09024,-0.100867
67,52,0.119,0.124112,0.124112,0.121624,-0.106715
67,76,0.183,0.143474,0.143474,0.145981,1.25449
67,100,0.169,0.156944,0.156944,0.164885,0.123465
67,104,0.178,0.148847,0.148847,0.160172,0.550635
67,108,0.127,0.140136,0.140136,0.153635,-0.857639
67,112,0.187,0.131914,0.131914,0.147284,1.33395
67,116,0.172,0.124175,0.124175,0.141192,1.0794
67,120,0.112,0.116889,0.116889,0.135352,-0.853487
68,0.5,0.0228,0.0232227,0.0232227,0.022436,0.0802492
68,4,0.049,0.0562851,0.0562851,0.0461253,0.308315
68,8,0.05,0.0540938,0.0540938,0.0444288,0.620328
68,12,0.0371,0.050942,0.050942,0.0425105,-0.629622
68,16,0.0401,0.0479535,0.0479535,0.0406733,-0.0697285
68,20,0.0319,0.04514,0.04514,0.0389155,-0.891804
68,24,0.0421,0.0424916,0.0424916,0.0372336,0.646562
68,28,0.078,0.0962837,0.0962837,0.0817497,-0.226904
68,52,0.117,0.124112,0.124112,0.109079,0.359249
68,76,0.122,0.143474,0.143474,0.130044,-0.305993
68,100,0.127,0.156944,0.156944,0.146127,-0.647525
68,104,0.158,0.148847,0.148847,0.140109,0.631699
68,108,0.145,0.140136,0.140136,0.134055,0.40388
68,112,0.124,0.131914,0.131914,0.128262,-0.164369
68,116,0.141,0.124175,0.124175,0.122718,0.736954
68,120,0.131,0.116889,0.116889,0.117415,0.572379
69,0.5,0.0189,0.0232227,0.0232227,0.0189664,-0.0173255
69,4,0.0385,0.0562851,0.0562851,0.0389153,-0.0527979
69,8,0.0291,0.0540938,0.0540938,0.0375738,-1.11565
69,12,0.0359,0.050942,0.050942,0.0360449,-0.0198925
69,16,0.0349,0.0479535,0.0479535,0.0345768,0.0462376
69,20,0.0299,0.04514,0.04514,0.0331685,-0.48748
69,24,0.0272,0.0424916,0.0424916,0.0318175,-0.717922
69,28,0.0759,0.0962837,0.0962837,0.0694369,0.460454
69,52,0.0993,0.124112,0.124112,0.093219,0.322705
69,76,0.0844,0.143474,0.143474,0.11175,-1.21072
69,100,0.148,0.156944,0.156944,0.126189,0.855056
69,104,0.121,0.148847,0.148847,0.121293,-0.0119328
69,108,0.131,0.140136,0.140136,0.116354,0.622703
69,112,0.0836,0.131914,0.131914,0.111615,-1.24165
69,116,0.086,0.124175,0.124175,0.107068,-0.973436
69,120,0.125,0.116889,0.116889,0.102708,1.07372
70,0.5,0.024,0.0232227,0.0232227,0.0244183,-0.0847487
70,4,0.0554,0.0562851,0.0562851,0.0508246,0.445335
70,8,0.0484,0.0540938,0.0540938,0.0483331,0.00684944
70,12,0.0335,0.050942,0.050942,0.0456006,-1.31272
70,16,0.0422,0.0479535,0.0479535,0.0430198,-0.0942745
70,20,0.0486,0.04514,0.04514,0.0405851,0.976934
70,24,0.0337,0.0424916,0.0424916,0.0382882,-0.592808
70,28,0.0931,0.0962837,0.0962837,0.0869459,0.350146
70,52,0.113,0.124112,0.124112,0.112411,0.0259016
70,76,0.136,0.143474,0.143474,0.130365,0.213846
70,100,0.199,0.156944,0.156944,0.143022,1.93622
70,104,0.0825,0.148847,0.148847,0.135312,-1.93078
70,108,0.105,0.140136,0.140136,0.127657,-0.877999
70,112,0.103,0.131914,0.131914,0.120432,-0.716057
70,116,0.121,0.124175,0.124175,0.113616,0.321485
70,120,0.1,0.116889,0.116889,0.107186,-0.331667
71,0.5,0.0155,0.0232227,0.0232227,0.01782,-0.644046
71,4,0.054,0.0562851,0.0562851,0.0484012,0.572239
71,8,0.0364,0.0540938,0.0540938,0.0469807,-1.11412
71,12,0.0357,0.050942,0.050942,0.0439543,-0.928993
71,16,0.0411,0.0479535,0.0479535,0.041065,0.00422167
71,20,0.0373,0.04514,0.04514,0.0383635,-0.137135
71,24,0.0516,0.0424916,0.0424916,0.0358397,2.17539
71,28,0.0912,0.0962837,0.0962837,0.081883,0.562882
71,52,0.117,0.124112,0.124112,0.104141,0.610837
71,76,0.125,0.143474,0.143474,0.118937,0.252162
71,100,0.0644,0.156944,0.156944,0.128774,-2.47296
71,104,0.0988,0.148847,0.148847,0.122066,-0.942885
71,108,0.0838,0.140136,0.140136,0.1141,-1.31368
71,112,0.0839,0.131914,0.131914,0.106596,-1.05327
71,116,0.116,0.124175,0.124175,0.0995831,0.815535
71,120,0.0968,0.116889,0.116889,0.0930317,0.200376
72,0.5,0.0213,0.0232227,0.0232227,0.021719,-0.0954348
72,4,0.045,0.0562851,0.0562851,0.0614283,-1.323
72,8,0.0674,0.0540938,0.0540938,0.0611485,0.50575
72,12,0.0622,0.050942,0.050942,0.0584501,0.317369
72,16,0.057,0.0479535,0.0479535,0.0557751,0.108639
72,20,0.0652,0.04514,0.04514,0.0532186,1.11373
72,24,0.0433,0.0424916,0.0424916,0.0507791,-0.728615
72,28,0.103,0.0962837,0.0962837,0.10988,-0.309729
72,52,0.115,0.124112,0.124112,0.146442,-1.06213
72,76,0.196,0.143474,0.143474,0.174033,0.624432
72,100,0.24,0.156944,0.156944,0.194853,1.14619
72,104,0.171,0.148847,0.148847,0.188457,-0.45824
72,108,0.186,0.140136,0.140136,0.179923,0.167089
72,112,0.183,0.131914,0.131914,0.17168,0.326197
72,116,0.121,0.124175,0.124175,0.16381,-1.29283
72,120,0.199,0.116889,0.116889,0.156301,1.35143
73,0.5,0.0095,0.0232227,0.0232227,0.0133955,-1.43859
73,4,0.0707,0.0562851,0.0562851,0.0575619,1.1291
73,8,0.0708,0.0540938,0.0540938,0.0642123,0.507519
73,12,0.0786,0.050942,0.050942,0.0598499,1.5498
73,16,0.049,0.0479535,0.0479535,0.0536224,-0.426438
73,20,0.0474,0.04514,0.04514,0.0475682,-0.0174941
73,24,0.0435,0.0424916,0.0424916,0.0420892,0.165822
73,28,0.0974,0.0962837,0.0962837,0.0947781,0.13685
73,52,0.111,0.124112,0.124112,0.112541,-0.0677427
73,76,0.0925,0.143474,0.143474,0.121019,-1.16577
73,100,0.131,0.156944,0.156944,0.125064,0.23478
73,104,0.125,0.148847,0.148847,0.123887,0.0444258
73,108,0.131,0.140136,0.140136,0.112604,0.808179
73,112,0.105,0.131914,0.131914,0.100258,0.233997
73,116,0.07,0.124175,0.124175,0.0887944,-1.04708
73,120,0.0715,0.116889,0.116889,0.0785336,-0.443055
74,0.5,0.0158,0.0232227,0.0232227,0.0170998,-0.376034
74,4,0.0589,0.0562851,0.0562851,0.0490218,0.996834
74,8,0.0388,0.0540938,0.0540938,0.0486892,-1.00476
74,12,0.0593,0.050942,0.050942,0.0462786,1.39192
74,16,0.0391,0.0479535,0.0479535,0.0438984,-0.540733
74,20,0.044,0.04514,0.04514,0.0416367,0.28079
74,24,0.0297,0.0424916,0.0424916,0.0394913,-1.22652
74,28,0.0528,0.0962837,0.0962837,0.0864783,-1.92654
74,52,0.123,0.124112,0.124112,0.113748,0.402373
74,76,0.164,0.143474,0.143474,0.133601,1.12559
74,100,0.185,0.156944,0.156944,0.148055,1.23443
74,104,0.0819,0.148847,0.148847,0.14262,-2.10613
74,108,0.132,0.140136,0.140136,0.135369,-0.123124
74,112,0.146,0.131914,0.131914,0.128399,0.678147
74,116,0.0943,0.124175,0.124175,0.121783,-1.11638
74,120,0.132,0.116889,0.116889,0.115508,0.706317
75,0.5,0.00591,0.0232227,0.0232227,0.00769182,-1.14596
75,4,0.0322,0.0562851,0.0562851,0.0332042,-0.149612
75,8,0.0339,0.0540938,0.0540938,0.0381319,-0.549011
75,12,0.0361,0.050942,0.050942,0.0371574,-0.140777
75,16,0.0379,0.0479535,0.0479535,0.0350539,0.401657
75,20,0.0332,0.04514,0.04514,0.0328328,0.0553205
75,24,0.0255,0.0424916,0.0424916,0.0307024,-0.838242
75,28,0.0795,0.0962837,0.0962837,0.0619038,1.40617
75,52,0.0822,0.124112,0.124112,0.0810383,0.0709123
75,76,0.116,0.143474,0.143474,0.0937953,1.17111
75,100,0.0977,0.156944,0.156944,0.1023,-0.222458
75,104,0.0927,0.148847,0.148847,0.102714,-0.482301
75,108,0.103,0.140136,0.140136,0.0975201,0.277979
75,112,0.073,0.131914,0.131914,0.0914727,-0.99902
75,116,0.0788,0.124175,0.124175,0.0855654,-0.391138
75,120,0.0735,0.116889,0.116889,0.0799896,-0.401345
76,0.5,0.0388,0.0232227,0.0232227,0.0400585,-0.155421
76,4,0.0849,0.0562851,0.0562851,0.085459,-0.0323607
76,8,0.0659,0.0540938,0.0540938,0.0789098,-0.815596
76,12,0.0946,0.050942,0.050942,0.0720445,1.54877
76,16,0.069,0.0479535,0.0479535,0.0657681,0.2431
76,20,0.0661,0.04514,0.04514,0.0600383,0.499461
76,24,0.0338,0.0424916,0.0424916,0.0548077,-1.89615
76,28,0.199,0.0962837,0.0962837,0.135492,2.31874
76,52,0.185,0.124112,0.124112,0.164448,0.618257
76,76,0.182,0.143474,0.143474,0.181205,0.0216914
76,100,0.14,0.156944,0.156944,0.190904,-1.31908
76,104,0.152,0.148847,0.148847,0.175168,-0.654292
76,108,0.157,0.140136,0.140136,0.159917,-0.090228
76,112,0.14,0.131914,0.131914,0.145985,-0.202805
76,116,0.119,0.124175,0.124175,0.133267,-0.529581
76,120,0.151,0.116889,0.116889,0.121656,1.19321
77,0.5,0.00967,0.0232227,0.0232227,0.0123989,-1.08877
77,4,0.0552,0.0562851,0.0562851,0.0525052,0.2539
77,8,0.0662,0.0540938,0.0540938,0.06023,0.49034
77,12,0.0444,0.050942,0.050942,0.059362,-1.24686
77,16,0.0731,0.0479535,0.0479535,0.056935,1.40454
77,20,0.0549,0.04514,0.04514,0.0543117,0.0535893
77,24,0.0565,0.0424916,0.0424916,0.0517521,0.453845
77,28,0.0946,0.0962837,0.0962837,0.101807,-0.350211
77,52,0.0998,0.124112,0.124112,0.13865,-1.38613
77,76,0.202,0.143474,0.143474,0.16618,1.06629
77,100,0.222,0.156944,0.156944,0.186753,0.933654
77,104,0.136,0.148847,0.148847,0.188116,-1.3705
77,108,0.208,0.140136,0.140136,0.181187,0.732082
77,112,0.151,0.131914,0.131914,0.172986,-0.628731
77,116,0.196,0.124175,0.124175,0.164862,0.934342
77,120,0.185,0.116889,0.116889,0.157063,0.879924
78,0.5,0.0113,0.0232227,0.0232227,0.0121163,-0.33327
78,4,0.0395,0.0562851,0.0562851,0.0459092,-0.690619
78,8,0.0547,0.0540938,0.0540938,0.0497571,0.491426
78,12,0.0566,0.050942,0.050942,0.048034,0.882198
78,16,0.0447,0.0479535,0.0479535,0.0456724,-0.105323
78,20,0.0554,0.04514,0.04514,0.0433341,1.37742
78,24,0.0273,0.0424916,0.0424916,0.041103,-1.66125
78,28,0.0889,0.0962837,0.0962837,0.0848942,0.233426
78,52,0.0973,0.124112,0.124112,0.113275,-0.697661
78,76,0.13,0.143474,0.143474,0.133936,-0.145385
78,100,0.165,0.156944,0.156944,0.148977,0.532043
78,104,0.182,0.148847,0.148847,0.147514,1.15651
78,108,0.12,0.140136,0.140136,0.140753,-0.729383
78,112,0.146,0.131914,0.131914,0.133613,0.458622
78,116,0.119,0.124175,0.124175,0.126743,-0.302206
78,120,0.122,0.116889,0.116889,0.120213,0.0735346
79,0.5,0.0358,0.0232227,0.0232227,0.0336264,0.319763
79,4,0.0639,0.0562851,0.0562851,0.0567782,0.620506
79,8,0.0473,0.0540938,0.0540938,0.0535241,-0.575256
79,12,0.057,0.050942,0.050942,0.050387,0.649251
79,16,0.0411,0.0479535,0.0479535,0.0474338,-0.660558
79,20,0.0412,0.04514,0.04514,0.0446536,-0.382606
79,24,0.0412,0.0424916,0.0424916,0.0420364,-0.0984281
79,28,0.127,0.0962837,0.0962837,0.0963507,1.57362
79,52,0.105,0.124112,0.124112,0.123893,-0.754396
79,76,0.122,0.143474,0.143474,0.143063,-0.728343
79,100,0.178,0.156944,0.156944,0.156406,0.682998
79,104,0.0897,0.148847,0.148847,0.147312,-1.93469
79,108,0.155,0.140136,0.140136,0.138678,0.582228
79,112,0.0989,0.131914,0.131914,0.13055,-1.19932
79,116,0.13,0.124175,0.124175,0.122898,0.285856
79,120,0.149,0.116889,0.116889,0.115695,1.42406
80,0.5,0.0169,0.0232227,0.0232227,0.0187293,-0.483177
80,4,0.0649,0.0562851,0.0562851,0.0491099,1.59056
80,8,0.0536,0.0540938,0.0540938,0.0481085,0.564679
80,12,0.0372,0.050942,0.050942,0.0457776,-0.926932
80,16,0.037,0.0479535,0.0479535,0.0435217,-0.741295
80,20,0.0383,0.04514,0.04514,0.0413759,-0.367755
80,24,0.0285,0.0424916,0.0424916,0.0393358,-1.36273
80,28,0.0594,0.0962837,0.0962837,0.0865063,-1.55009
80,52,0.135,0.124112,0.124112,0.114117,0.905275
80,76,0.174,0.143474,0.143474,0.134502,1.4527
80,100,0.129,0.156944,0.156944,0.149554,-0.679872
80,104,0.161,0.148847,0.148847,0.1436,0.599426
80,108,0.0896,0.140136,0.140136,0.136561,-1.70116
80,112,0.158,0.131914,0.131914,0.129829,1.07343
80,116,0.136,0.124175,0.124175,0.123427,0.503901
80,120,0.115,0.116889,0.116889,0.117342,-0.0987294
81,0.5,0.0774,0.0464453,0.0464453,0.0713196,0.421751
81,4,0.133,0.11257,0.11257,0.108466,1.11898
81,8,0.0818,0.108188,0.108188,0.102057,-0.981885
81,12,0.0722,0.101884,0.101884,0.0959871,-1.22593
81,16,0.0855,0.0959071,0.0959071,0.0902785,-0.261846
81,20,0.0781,0.0902801,0.0902801,0.0849095,-0.396729
81,24,0.0876,0.0849832,0.0849832,0.0798597,0.479472
81,28,0.0751,0.0799971,0.0799971,0.0751103,-0.000680292
81,52,0.13,0.168227,0.168227,0.160457,-0.938991
81,76,0.1,0.11872,0.11872,0.111099,-0.49419
81,100,0.205,0.195168,0.195168,0.185368,0.523928
81,104,0.234,0.18594,0.18594,0.174385,1.69114
81,108,0.179,0.175074,0.175074,0.164014,0.451995
81,112,0.156,0.164803,0.164803,0.15426,0.0558009
81,116,0.152,0.155134,0.155134,0.145086,0.23575
81,120,0.0756,0.146032,0.146032,0.136457,-2.20623
82,0.5,0.0388,0.0464453,0.0464453,0.0411801,-0.285925
82,4,0.12,0.11257,0.11257,0.118885,0.0463826
82,8,0.116,0.108188,0.108188,0.117088,-0.0459765
82,12,0.153,0.101884,0.101884,0.109987,1.93464
82,16,0.0733,0.0959071,0.0959071,0.103073,-1.42893
82,20,0.105,0.0902801,0.0902801,0.096582,0.431168
82,24,0.0904,0.0849832,0.0849832,0.0904995,-0.00543816
82,28,0.0504,0.0799971,0.0799971,0.0848,-2.00677
82,52,0.2,0.168227,0.168227,0.176283,0.665561
82,76,0.131,0.11872,0.11872,0.12365,0.294057
82,100,0.149,0.195168,0.195168,0.202579,-1.30838
82,104,0.199,0.18594,0.18594,0.195511,0.0882861
82,108,0.228,0.175074,0.175074,0.18347,1.20066
82,112,0.148,0.164803,0.164803,0.171929,-0.6885
82,116,0.175,0.155134,0.155134,0.161101,0.426784
82,120,0.167,0.146032,0.146032,0.150955,0.525791
83,0.5,0.0306,0.0464453,0.0464453,0.0339813,-0.492242
83,4,0.0756,0.11257,0.11257,0.0893289,-0.76029
83,8,0.093,0.108188,0.108188,0.0874856,0.311815
83,12,0.102,0.101884,0.101884,0.0831885,1.11865
83,16,0.0493,0.0959071,0.0959071,0.0790315,-1.86102
83,20,0.0665,0.0902801,0.0902801,0.0750801,-0.565332
83,24,0.0692,0.0849832,0.0849832,0.0713262,-0.147468
83,28,0.0548,0.0799971,0.0799971,0.0677601,-0.946169
83,52,0.163,0.168227,0.168227,0.139139,0.848338
83,76,0.104,0.11872,0.11872,0.104376,-0.0178063
83,100,0.205,0.195168,0.195168,0.166055,1.16019
83,104,0.133,0.18594,0.18594,0.160376,-0.844435
83,108,0.174,0.175074,0.175074,0.152434,0.699862
83,112,0.134,0.164803,0.164803,0.144815,-0.369454
83,116,0.121,0.155134,0.155134,0.137575,-0.596
83,120,0.135,0.146032,0.146032,0.130696,0.162895
84,0.5,0.028,0.0464453,0.0464453,0.0335691,-0.820697
84,4,0.131,0.11257,0.11257,0.12689,0.160246
84,8,0.123,0.108188,0.108188,0.135925,-0.47041
84,12,0.131,0.101884,0.101884,0.129159,0.0705206
84,16,0.165,0.0959071,0.0959071,0.120739,1.81345
84,20,0.0827,0.0902801,0.0902801,0.112597,-1.31353
84,24,0.126,0.0849832,0.0849832,0.104967,0.991266
84,28,0.102,0.0799971,0.0799971,0.0978481,0.209911
84,52,0.259,0.168227,0.168227,0.191089,1.75808
84,76,0.18,0.11872,0.11872,0.13997,1.41477
84,100,0.164,0.195168,0.195168,0.218726,-1.23774
84,104,0.285,0.18594,0.18594,0.221533,1.41726
84,108,0.181,0.175074,0.175074,0.20896,-0.661916
84,112,0.157,0.164803,0.164803,0.195127,-0.966617
84,116,0.125,0.155134,0.155134,0.18194,-1.54819
84,120,0.133,0.146032,0.146032,0.169606,-1.06769
85,0.5,0.0533,0.0464453,0.0464453,0.0572093,-0.338041
85,4,0.163,0.11257,0.11257,0.146937,0.540778
85,8,0.157,0.108188,0.108188,0.141468,0.543138
85,12,0.145,0.101884,0.101884,0.132417,0.470077
85,16,0.112,0.0959071,0.0959071,0.123844,-0.473118
85,20,0.127,0.0902801,0.0902801,0.115824,0.477351
85,24,0.082,0.0849832,0.0849832,0.108322,-1.20211
85,28,0.133,0.0799971,0.0799971,0.101307,1.54761
85,52,0.225,0.168227,0.168227,0.214727,0.236665
85,76,0.119,0.11872,0.11872,0.146669,-0.933228
85,100,0.248,0.195168,0.195168,0.245081,0.0589136
85,104,0.216,0.18594,0.18594,0.233255,-0.365958
85,108,0.193,0.175074,0.175074,0.21826,-0.57253
85,112,0.243,0.164803,0.164803,0.204128,0.942048
85,116,0.25,0.155134,0.155134,0.190908,1.53124
85,120,0.164,0.146032,0.146032,0.178544,-0.40296
86,0.5,0.078,0.0464453,0.0464453,0.0703086,0.54117
86,4,0.122,0.11257,0.11257,0.111221,0.479424
86,8,0.0446,0.108188,0.108188,0.103294,-2.81096
86,12,0.104,0.101884,0.101884,0.0958579,0.420187
86,16,0.104,0.0959071,0.0959071,0.0889571,0.836541
86,20,0.0881,0.0902801,0.0902801,0.082553,0.332398
86,24,0.0835,0.0849832,0.0849832,0.07661,0.444907
86,28,0.0714,0.0799971,0.0799971,0.0710948,0.021235
86,52,0.17,0.168227,0.168227,0.156631,0.422227
86,76,0.0896,0.11872,0.11872,0.100099,-0.518885
86,100,0.148,0.195168,0.195168,0.175157,-0.766999
86,104,0.138,0.18594,0.18594,0.162627,-0.749137
86,108,0.111,0.175074,0.175074,0.15092,-1.30851
86,112,0.168,0.164803,0.164803,0.140055,0.98705
86,116,0.122,0.155134,0.155134,0.129972,-0.303443
86,120,0.126,0.146032,0.146032,0.120616,0.220831
87,0.5,0.0356,0.0464453,0.0464453,0.0398769,-0.530573
87,4,0.131,0.11257,0.11257,0.107152,1.101
87,8,0.0945,0.108188,0.108188,0.105292,-0.507044
87,12,0.0856,0.101884,0.101884,0.100129,-0.717798
87,16,0.111,0.0959071,0.0959071,0.0951127,0.826318
87,20,0.0801,0.0902801,0.0902801,0.0903446,-0.560955
87,24,0.0647,0.0849832,0.0849832,0.0858154,-1.21722
87,28,0.12,0.0799971,0.0799971,0.0815132,2.33571
87,52,0.138,0.168227,0.168227,0.167022,-0.859576
87,76,0.142,0.11872,0.11872,0.125486,0.651015
87,100,0.156,0.195168,0.195168,0.199319,-1.07513
87,104,0.215,0.18594,0.18594,0.192838,0.568525
87,108,0.187,0.175074,0.175074,0.183286,0.100248
87,112,0.138,0.164803,0.164803,0.174101,-1.02578
87,116,0.0631,0.155134,0.155134,0.165373,-3.05937
87,120,0.208,0.146032,0.146032,0.157082,1.60353
88,0.5,0.0532,0.0464453,0.0464453,0.050771,0.236673
88,4,0.102,0.11257,0.11257,0.0957554,0.322612
88,8,0.0886,0.108188,0.108188,0.0919511,-0.18029
88,12,0.105,0.101884,0.101884,0.0879993,0.955705
88,16,0.0716,0.0959071,0.0959071,0.0842163,-0.741091
88,20,0.0564,0.0902801,0.0902801,0.0805959,-1.48513
88,24,0.0797,0.0849832,0.0849832,0.0771312,0.164752
88,28,0.0787,0.0799971,0.0799971,0.0738154,0.327351
88,52,0.155,0.168227,0.168227,0.152464,0.082284
88,76,0.11,0.11872,0.11872,0.117382,-0.311099
88,100,0.147,0.195168,0.195168,0.185934,-1.03587
88,104,0.112,0.18594,0.18594,0.178253,-1.83867
88,108,0.19,0.175074,0.175074,0.170591,0.562834
88,112,0.142,0.164803,0.164803,0.163258,-0.644134
88,116,0.191,0.155134,0.155134,0.156239,1.10061
88,120,0.2,0.146032,0.146032,0.149523,1.67003
89,0.5,0.0164,0.0464453,0.0464453,0.0204392,-0.977613
89,4,0.0637,0.11257,0.11257,0.0710908,-0.514296
89,8,0.0831,0.108188,0.108188,0.0745025,0.570867
89,12,0.081,0.101884,0.101884,0.0713816,0.66658
89,16,0.0599,0.0959071,0.0959071,0.0677895,-0.575736
89,20,0.0396,0.0902801,0.0902801,0.064319,-1.9012
89,24,0.0695,0.0849832,0.0849832,0.0610203,0.68745
89,28,0.0355,0.0799971,0.0799971,0.0578902,-1.91332
89,52,0.148,0.168227,0.168227,0.113298,1.5152
89,76,0.0852,0.11872,0.11872,0.088663,-0.193219
89,100,0.153,0.195168,0.195168,0.135734,0.629268
89,104,0.13,0.18594,0.18594,0.13583,-0.212323
89,108,0.112,0.175074,0.175074,0.129563,-0.670584
89,112,0.126,0.164803,0.164803,0.122986,0.121219
89,116,0.121,0.155134,0.155134,0.116684,0.182963
89,120,0.0809,0.146032,0.146032,0.1107,-1.33168
90,0.5,0.0852,0.0464453,0.0464453,0.0713123,0.963386
90,4,0.0764,0.11257,0.11257,0.0878587,-0.645187
90,8,0.0677,0.108188,0.108188,0.0815304,-0.839171
90,12,0.0816,0.101884,0.101884,0.0756571,0.388586
90,16,0.0665,0.0959071,0.0959071,0.0702068,-0.261193
90,20,0.022,0.0902801,0.0902801,0.0651493,-3.27642
90,24,0.0402,0.0849832,0.0849832,0.060456,-1.65749
90,28,0.0705,0.0799971,0.0799971,0.0561009,1.26971
90,52,0.146,0.168227,0.168227,0.123681,0.89272
90,76,0.0743,0.11872,0.11872,0.0789742,-0.292791
90,100,0.168,0.195168,0.195168,0.138286,1.06297
90,104,0.0974,0.18594,0.18594,0.128325,-1.19216
90,108,0.0895,0.175074,0.175074,0.119081,-1.22886
90,112,0.0862,0.164803,0.164803,0.110502,-1.08795
90,116,0.113,0.155134,0.155134,0.102542,0.504534
90,120,0.0854,0.146032,0.146032,0.0951549,-0.507139
91,0.5,0.0264,0.0464453,0.0464453,0.0292761,-0.485989
91,4,0.0772,0.11257,0.11257,0.0859204,-0.502083
91,8,0.0593,0.108188,0.108188,0.0864579,-1.55391
91,12,0.0688,0.101884,0.101884,0.083023,-0.847477
91,16,0.0887,0.0959071,0.0959071,0.0795417,0.569581
91,20,0.0719,0.0902801,0.0902801,0.0761976,-0.279011
91,24,0.0621,0.0849832,0.0849832,0.0729937,-0.738287
91,28,0.083,0.0799971,0.0799971,0.0699244,0.925054
91,52,0.19,0.168227,0.168227,0.139957,1.7688
91,76,0.0908,0.11872,0.11872,0.111684,-0.92503
91,100,0.181,0.195168,0.195168,0.172229,0.251937
91,104,0.163,0.18594,0.18594,0.169137,-0.1795
91,108,0.168,0.175074,0.175074,0.162226,0.17608
91,112,0.182,0.164803,0.164803,0.155414,0.846243
91,116,0.165,0.155134,0.155134,0.14888,0.535637
91,120,0.159,0.146032,0.146032,0.14262,0.568169
92,0.5,0.0305,0.0464453,0.0464453,0.0310491,-0.0874884
92,4,0.108,0.11257,0.11257,0.0982458,0.491149
92,8,0.0811,0.108188,0.108188,0.10037,-0.949773
92,12,0.123,0.101884,0.101884,0.0962134,1.37726
92,16,0.0551,0.0959071,0.0959071,0.0918298,-1.97866
92,20,0.0942,0.0902801,0.0902801,0.0876191,0.371556
92,24,0.105,0.0849832,0.0849832,0.0835996,1.26635
92,28,0.0636,0.0799971,0.0799971,0.0797644,-1.00251
92,52,0.0944,0.168227,0.168227,0.158424,-1.99921
92,76,0.16,0.11872,0.11872,0.125166,1.37675
92,100,0.183,0.195168,0.195168,0.192677,-0.248454
92,104,0.139,0.18594,0.18594,0.190469,-1.33678
92,108,0.163,0.175074,0.175074,0.182179,-0.520795
92,112,0.218,0.164803,0.164803,0.173852,1.25623
92,116,0.156,0.155134,0.155134,0.165878,-0.294596
92,120,0.164,0.146032,0.146032,0.158269,0.179143
93,0.5,0.11,0.0464453,0.0464453,0.0958394,0.730923
93,4,0.158,0.11257,0.11257,0.161401,-0.104242
93,8,0.137,0.108188,0.108188,0.14923,-0.405423
93,12,0.142,0.101884,0.101884,0.137757,0.152377
93,16,0.176,0.0959071,0.0959071,0.127165,1.89975
93,20,0.117,0.0902801,0.0902801,0.117388,-0.0163527
93,24,0.114,0.0849832,0.0849832,0.108363,0.257358
93,28,0.143,0.0799971,0.0799971,0.100031,2.12498
93,52,0.221,0.168227,0.168227,0.223298,-0.0509042
93,76,0.119,0.11872,0.11872,0.138331,-0.691312
93,100,0.151,0.195168,0.195168,0.246997,-1.92266
93,104,0.269,0.18594,0.18594,0.228245,0.883318
93,108,0.178,0.175074,0.175074,0.210696,-0.767678
93,112,0.163,0.164803,0.164803,0.194497,-0.801107
93,116,0.151,0.155134,0.155134,0.179543,-0.786439
93,120,0.194,0.146032,0.146032,0.165739,0.843542
94,0.5,0.115,0.0464453,0.0464453,0.0991661,0.789877
94,4,0.152,0.11257,0.11257,0.131288,0.780419
94,8,0.156,0.108188,0.108188,0.121061,1.4277
94,12,0.0971,0.101884,0.101884,0.111624,-0.643681
94,16,0.108,0.0959071,0.0959071,0.102923,0.244029
94,20,0.0927,0.0902801,0.0902801,0.0948998,-0.114671
94,24,0.0829,0.0849832,0.0849832,0.0875022,-0.260183
94,28,0.0474,0.0799971,0.0799971,0.0806812,-2.04062
94,52,0.21,0.168227,0.168227,0.180867,0.796834
94,76,0.158,0.11872,0.11872,0.111147,2.08533
94,100,0.137,0.195168,0.195168,0.199588,-1.55128
94,104,0.175,0.18594,0.18594,0.184037,-0.242909
94,108,0.0907,0.175074,0.175074,0.169691,-2.30279
94,112,0.158,0.164803,0.164803,0.156463,0.0485987
94,116,0.122,0.155134,0.155134,0.144266,-0.763517
94,120,0.145,0.146032,0.146032,0.13302,0.445513
95,0.5,0.0563,0.0464453,0.0464453,0.056196,0.00915797
95,4,0.0991,0.11257,0.11257,0.120475,-0.877687
95,8,0.116,0.108188,0.108188,0.11518,0.0352395
95,12,0.106,0.101884,0.101884,0.109079,-0.139638
95,16,0.0888,0.0959071,0.0959071,0.103292,-0.69407
95,20,0.136,0.0902801,0.0902801,0.0978124,1.93136
95,24,0.0746,0.0849832,0.0849832,0.0926233,-0.962607
95,28,0.0804,0.0799971,0.0799971,0.0877094,-0.412261
95,52,0.216,0.168227,0.168227,0.183716,0.869302
95,76,0.145,0.11872,0.11872,0.133309,0.433841
95,100,0.207,0.195168,0.195168,0.216595,-0.219151
95,104,0.258,0.18594,0.18594,0.206201,1.24271
95,108,0.222,0.175074,0.175074,0.195271,0.677134
95,112,0.152,0.164803,0.164803,0.184912,-0.880489
95,116,0.144,0.155134,0.155134,0.175102,-0.878684
95,120,0.157,0.146032,0.146032,0.165812,-0.262916
96,0.5,0.0606,0.0464453,0.0464453,0.057591,0.25847
96,4,0.108,0.11257,0.11257,0.117832,-0.412791
96,8,0.103,0.108188,0.108188,0.111535,-0.378555
96,12,0.12,0.101884,0.101884,0.104816,0.716615
96,16,0.0954,0.0959071,0.0959071,0.0984971,-0.155549
96,20,0.0982,0.0902801,0.0902801,0.0925589,0.301498
96,24,0.0771,0.0849832,0.0849832,0.0869786,-0.561849
96,28,0.0743,0.0799971,0.0799971,0.0817348,-0.449986
96,52,0.174,0.168227,0.168227,0.174115,-0.00326872
96,76,0.0994,0.11872,0.11872,0.120491,-0.865924
96,100,0.26,0.195168,0.195168,0.200803,1.45837
96,104,0.245,0.18594,0.18594,0.189503,1.44873
96,108,0.18,0.175074,0.175074,0.178084,0.05323
96,112,0.141,0.164803,0.164803,0.167347,-0.778852
96,116,0.178,0.155134,0.155134,0.157258,0.652479
96,120,0.144,0.146032,0.146032,0.147777,-0.126452
97,0.5,0.0629,0.0464453,0.0464453,0.0633971,-0.0387916
97,4,0.121,0.11257,0.11257,0.123356,-0.0944759
97,8,0.138,0.108188,0.108188,0.115583,0.959439
97,12,0.0946,0.101884,0.101884,0.107733,-0.603058
97,16,0.114,0.0959071,0.0959071,0.100414,0.669328
97,20,0.115,0.0902801,0.0902801,0.0935917,1.13157
97,24,0.0788,0.0849832,0.0849832,0.087233,-0.47823
97,28,0.0563,0.0799971,0.0799971,0.0813063,-1.52146
97,52,0.189,0.168227,0.168227,0.176663,0.34546
97,76,0.144,0.11872,0.11872,0.116256,1.18055
97,100,0.234,0.195168,0.195168,0.199577,0.853232
97,104,0.105,0.18594,0.18594,0.186626,-2.16368
97,108,0.205,0.175074,0.175074,0.17395,0.883036
97,112,0.115,0.164803,0.164803,0.162131,-1.43807
97,116,0.159,0.155134,0.155134,0.151116,0.258086
97,120,0.109,0.146032,0.146032,0.140849,-1.11861
98,0.5,0.0506,0.0464453,0.0464453,0.0487402,0.188763
98,4,0.0978,0.11257,0.11257,0.0959003,0.0979965
98,8,0.0732,0.108188,0.108188,0.0917988,-1.00227
98,12,0.044,0.101884,0.101884,0.0874398,-2.45762
98,16,0.0524,0.0959071,0.0959071,0.0832856,-1.83452
98,20,0.0642,0.0902801,0.0902801,0.0793289,-0.943433
98,24,0.0857,0.0849832,0.0849832,0.0755601,0.663863
98,28,0.0947,0.0799971,0.0799971,0.0719703,1.56234
98,52,0.205,0.168227,0.168227,0.149643,1.83
98,76,0.118,0.11872,0.11872,0.112102,0.260274
98,100,0.124,0.195168,0.195168,0.179611,-1.53166
98,104,0.134,0.18594,0.18594,0.171532,-1.08242
98,108,0.198,0.175074,0.175074,0.163385,1.04805
98,112,0.143,0.164803,0.164803,0.155623,-0.401261
98,116,0.178,0.155134,0.155134,0.14823,0.993538
98,120,0.0983,0.146032,0.146032,0.141187,-1.50269
99,0.5,0.0486,0.0464453,0.0464453,0.0495918,-0.0989397
99,4,0.142,0.11257,0.11257,0.120777,0.869273
99,8,0.108,0.108188,0.108188,0.114116,-0.265117
99,12,0.124,0.101884,0.101884,0.105387,0.87368
99,16,0.089,0.0959071,0.0959071,0.0972749,-0.420819
99,20,0.104,0.0902801,0.0902801,0.0897856,0.783171
99,24,0.0817,0.0849832,0.0849832,0.082873,-0.0700184
99,28,0.0636,0.0799971,0.0799971,0.0764925,-0.833787
99,52,0.217,0.168227,0.168227,0.168076,1.43995
99,76,0.113,0.11872,0.11872,0.10574,0.339638
99,100,0.0966,0.195168,0.195168,0.186162,-2.37995
99,104,0.106,0.18594,0.18594,0.174467,-1.94134
99,108,0.207,0.175074,0.175074,0.161092,1.40978
99,112,0.172,0.164803,0.164803,0.14869,0.775507
99,116,0.139,0.155134,0.155134,0.137243,0.0633404
99,120,0.0851,0.146032,0.146032,0.126676,-1.62363
100,0.5,0.0508,0.0464453,0.0464453,0.0482468,0.261795
100,4,0.0841,0.11257,0.11257,0.0965326,-0.637124
100,8,0.0922,0.108188,0.108188,0.0926307,-0.0229997
100,12,0.0891,0.101884,0.101884,0.0883947,0.03947
100,16,0.081,0.0959071,0.0959071,0.0843499,-0.196463
100,20,0.0798,0.0902801,0.0902801,0.0804901,-0.0424143
100,24,0.0748,0.0849832,0.0849832,0.076807,-0.129263
100,28,0.0672,0.0799971,0.0799971,0.0732923,-0.411208
100,52,0.174,0.168227,0.168227,0.151869,0.720906
100,76,0.108,0.11872,0.11872,0.115071,-0.303987
100,100,0.151,0.195168,0.195168,0.183412,-0.874196
100,104,0.182,0.18594,0.18594,0.175534,0.182223
100,108,0.0944,0.175074,0.175074,0.167505,-2.159
100,112,0.222,0.164803,0.164803,0.15984,1.92382
100,116,0.197,0.155134,0.155134,0.152526,1.44246
100,120,0.123,0.146032,0.146032,0.145546,-0.766316
101,0.5,0.0313,0.0464453,0.0464453,0.0352407,-0.553175
101,4,0.0942,0.11257,0.11257,0.080967,0.808511
101,8,0.0825,0.108188,0.108188,0.0772681,0.334964
101,12,0.0467,0.101884,0.101884,0.0726269,-1.76599
101,16,0.0383,0.0959071,0.0959071,0.0682485,-2.17079
101,20,0.0734,0.0902801,0.0902801,0.0641338,0.714743
101,24,0.0707,0.0849832,0.0849832,0.0602672,0.856358
101,28,0.0478,0.0799971,0.0799971,0.0566337,-0.771621
101,52,0.13,0.168227,0.168227,0.119965,0.41382
101,76,0.102,0.11872,0.11872,0.0834874,1.09694
101,100,0.144,0.195168,0.195168,0.138456,0.198082
101,104,0.0503,0.18594,0.18594,0.131291,-3.05167
101,108,0.126,0.175074,0.175074,0.123393,0.104522
101,112,0.115,0.164803,0.164803,0.115954,-0.0406925
101,116,0.109,0.155134,0.155134,0.108963,0.00167959
101,120,0.058,0.146032,0.146032,0.102394,-2.14478
102,0.5,0.0236,0.0464453,0.0464453,0.0261464,-0.481774
102,4,0.0941,0.11257,0.11257,0.0894323,0.258194
102,8,0.101,0.108188,0.108188,0.0935244,0.395418
102,12,0.0908,0.101884,0.101884,0.0899512,0.0466781
102,16,0.108,0.0959071,0.0959071,0.0858553,1.27597
102,20,0.0514,0.0902801,0.0902801,0.0818856,-1.84172
102,24,0.0706,0.0849832,0.0849832,0.078094,-0.474712
102,28,0.0874,0.0799971,0.0799971,0.0744774,0.858344
102,52,0.046,0.168227,0.168227,0.145468,-3.38261
102,76,0.117,0.11872,0.11872,0.116638,0.0153665
102,100,0.187,0.195168,0.195168,0.177189,0.273924
102,104,0.171,0.18594,0.18594,0.177217,-0.173535
102,108,0.194,0.175074,0.175074,0.169768,0.706119
102,112,0.132,0.164803,0.164803,0.161975,-0.915481
102,116,0.123,0.155134,0.155134,0.15448,-1.0081
102,120,0.21,0.146032,0.146032,0.147327,2.10444
103,0.5,0.0761,0.0464453,0.0464453,0.07077,0.372574
103,4,0.0849,0.11257,0.11257,0.115544,-1.31201
103,8,0.125,0.108188,0.108188,0.1077,0.794657
103,12,0.0975,0.101884,0.101884,0.10028,-0.137152
103,16,0.0939,0.0959071,0.0959071,0.093372,0.0279764
103,20,0.102,0.0902801,0.0902801,0.0869396,0.85695
103,24,0.0897,0.0849832,0.0849832,0.0809503,0.534699
103,28,0.087,0.0799971,0.0799971,0.0753737,0.76306
103,52,0.178,0.168227,0.168227,0.164661,0.400753
103,76,0.11,0.11872,0.11872,0.10738,0.120713
103,100,0.132,0.195168,0.195168,0.185517,-1.42707
103,104,0.157,0.18594,0.18594,0.172852,-0.453672
103,108,0.143,0.175074,0.175074,0.160944,-0.551551
103,112,0.182,0.164803,0.164803,0.149857,1.06108
103,116,0.152,0.155134,0.155134,0.139533,0.44199
103,120,0.0967,0.146032,0.146032,0.129921,-1.26493
104,0.5,0.0915,0.0464453,0.0464453,0.0787489,0.80101
104,4,0.103,0.11257,0.11257,0.10647,-0.16124
104,8,0.113,0.108188,0.108188,0.100362,0.622929
104,12,0.0757,0.101884,0.101884,0.0945986,-0.988282
104,16,0.0689,0.0959071,0.0959071,0.089166,-1.12436
104,20,0.0911,0.0902801,0.0902801,0.0840455,0.415232
104,24,0.0692,0.0849832,0.0849832,0.0792189,-0.625645
104,28,0.0717,0.0799971,0.0799971,0.0746696,-0.196738
104,52,0.133,0.168227,0.168227,0.158834,-0.804613
104,76,0.0803,0.11872,0.11872,0.111391,-1.38077
104,100,0.21,0.195168,0.195168,0.184586,0.681095
104,104,0.203,0.18594,0.18594,0.173992,0.824755
104,108,0.151,0.175074,0.175074,0.164,-0.392136
104,112,0.139,0.164803,0.164803,0.154582,-0.498652
104,116,0.17,0.155134,0.155134,0.145705,0.82487
104,120,0.14,0.146032,0.146032,0.137337,0.095915
105,0.5,0.0366,0.0464453,0.0464453,0.0353119,0.180457
105,4,0.0602,0.11257,0.11257,0.0850773,-1.44652
105,8,0.0696,0.108188,0.108188,0.0831421,-0.80575
105,12,0.0679,0.101884,0.101884,0.0798063,-0.738031
105,16,0.0883,0.0959071,0.0959071,0.0765792,0.757149
105,20,0.0371,0.0902801,0.0902801,0.0734822,-2.4493
105,24,0.056,0.0849832,0.0849832,0.0705104,-1.01803
105,28,0.072,0.0799971,0.0799971,0.0676588,0.317408
105,52,0.198,0.168227,0.168227,0.137892,2.15642
105,76,0.122,0.11872,0.11872,0.108886,0.595822
105,100,0.193,0.195168,0.195168,0.170073,0.66688
105,104,0.175,0.18594,0.18594,0.1647,0.309357
105,108,0.159,0.175074,0.175074,0.158066,0.0292238
105,112,0.168,0.164803,0.164803,0.151674,0.532475
105,116,0.108,0.155134,0.155134,0.14554,-1.27599
105,120,0.104,0.146032,0.146032,0.139654,-1.26297
106,0.5,0.0224,0.0464453,0.0464453,0.0255809,-0.61513
106,4,0.121,0.11257,0.11257,0.104342,0.789775
106,8,0.116,0.108188,0.108188,0.11696,-0.0406234
106,12,0.132,0.101884,0.101884,0.113891,0.786559
106,16,0.112,0.0959071,0.0959071,0.108369,0.165736
106,20,0.0982,0.0902801,0.0902801,0.102686,-0.216106
106,24,0.106,0.0849832,0.0849832,0.097226,0.446428
106,28,0.0974,0.0799971,0.0799971,0.0920435,0.287889
106,52,0.146,0.168227,0.168227,0.170591,-0.713099
106,76,0.151,0.11872,0.11872,0.139726,0.39915
106,100,0.196,0.195168,0.195168,0.20491,-0.215107
106,104,0.167,0.18594,0.18594,0.212165,-1.05309
106,108,0.275,0.175074,0.175074,0.204018,1.72113
106,112,0.144,0.164803,0.164803,0.193689,-1.26909
106,116,0.213,0.155134,0.155134,0.183456,0.796675
106,120,0.183,0.146032,0.146032,0.173688,0.265224
107,0.5,0.091,0.0464453,0.0464453,0.0858998,0.293716
107,4,0.171,0.11257,0.11257,0.152667,0.594053
107,8,0.142,0.108188,0.108188,0.134433,0.278443
107,12,0.114,0.101884,0.101884,0.117916,-0.164303
107,16,0.108,0.0959071,0.0959071,0.103427,0.218716
107,20,0.0776,0.0902801,0.0902801,0.0907184,-0.715356
107,24,0.109,0.0849832,0.0849832,0.0795713,1.82958
107,28,0.0556,0.0799971,0.0799971,0.0697938,-1.00605
107,52,0.219,0.168227,0.168227,0.184449,0.926661
107,76,0.0762,0.11872,0.11872,0.0842664,-0.473543
107,100,0.192,0.195168,0.195168,0.191039,0.0248768
107,104,0.193,0.18594,0.18594,0.168091,0.733088
107,108,0.126,0.175074,0.175074,0.147438,-0.7193
107,112,0.143,0.164803,0.164803,0.129321,0.523251
107,116,0.103,0.155134,0.155134,0.113431,-0.454904
107,120,0.0644,0.146032,0.146032,0.0994928,-1.74486
108,0.5,0.044,0.0464453,0.0464453,0.0479989,-0.412137
108,4,0.0914,0.11257,0.11257,0.115807,-1.04259
108,8,0.116,0.108188,0.108188,0.110338,0.253834
108,12,0.114,0.101884,0.101884,0.102975,0.529646
108,16,0.118,0.0959071,0.0959071,0.0960609,1.12982
108,20,0.0387,0.0902801,0.0902801,0.0896102,-2.8105
108,24,0.093,0.0849832,0.0849832,0.0835927,0.556714
108,28,0.0768,0.0799971,0.0799971,0.0779793,-0.0748131
108,52,0.222,0.168227,0.168227,0.167193,1.62164
108,76,0.0926,0.11872,0.11872,0.111841,-0.851067
108,100,0.23,0.195168,0.195168,0.189507,1.05704
108,104,0.136,0.18594,0.18594,0.179089,-1.19024
108,108,0.152,0.175074,0.175074,0.167109,-0.44727
108,112,0.121,0.164803,0.164803,0.155888,-1.10714
108,116,0.142,0.155134,0.155134,0.14542,-0.116342
108,120,0.158,0.146032,0.146032,0.135655,0.814866
109,0.5,0.046,0.0464453,0.0464453,0.0493543,-0.336211
109,4,0.129,0.11257,0.11257,0.128351,0.0250061
109,8,0.135,0.108188,0.108188,0.122119,0.521809
109,12,0.136,0.101884,0.101884,0.112532,1.03166
109,16,0.132,0.0959071,0.0959071,0.103588,1.35683
109,20,0.0833,0.0902801,0.0902801,0.0953518,-0.625255
109,24,0.101,0.0849832,0.0849832,0.0877702,0.745663
109,28,0.0708,0.0799971,0.0799971,0.0807914,-0.611784
109,52,0.182,0.168227,0.168227,0.177496,0.125537
109,76,0.1,0.11872,0.11872,0.110686,-0.477573
109,100,0.187,0.195168,0.195168,0.19568,-0.219436
109,104,0.18,0.18594,0.18594,0.184094,-0.110016
109,108,0.16,0.175074,0.175074,0.169579,-0.27945
109,112,0.175,0.164803,0.164803,0.1561,0.598965
109,116,0.152,0.155134,0.155134,0.143688,0.286164
109,120,0.127,0.146032,0.146032,0.132263,-0.196856
110,0.5,0.0355,0.0464453,0.0464453,0.0372583,-0.23346
110,4,0.107,0.11257,0.11257,0.0917412,0.822795
110,8,0.0777,0.108188,0.108188,0.0901501,-0.683193
110,12,0.0671,0.101884,0.101884,0.0868427,-1.12463
110,16,0.0826,0.0959071,0.0959071,0.0836229,-0.0605123
110,20,0.0713,0.0902801,0.0902801,0.0805218,-0.566549
110,24,0.0741,0.0849832,0.0849832,0.0775357,-0.219203
110,28,0.082,0.0799971,0.0799971,0.0746603,0.486322
110,52,0.113,0.168227,0.168227,0.151255,-1.25117
110,76,0.164,0.11872,0.11872,0.122101,1.69756
110,100,0.181,0.195168,0.195168,0.189071,-0.211178
110,104,0.189,0.18594,0.18594,0.183871,0.138
110,108,0.222,0.175074,0.175074,0.177088,1.25462
110,112,0.196,0.164803,0.164803,0.170521,0.739156
110,116,0.129,0.155134,0.155134,0.164198,-1.06043
110,120,0.162,0.146032,0.146032,0.158108,0.121764
111,0.5,0.0516,0.0464453,0.0464453,0.0502855,0.129314
111,4,0.0955,0.11257,0.11257,0.11556,-0.858749
111,8,0.0937,0.108188,0.108188,0.111376,-0.785096
111,12,0.112,0.101884,0.101884,0.105809,0.289455
111,16,0.0862,0.0959071,0.0959071,0.100499,-0.703856
111,20,0.0484,0.0902801,0.0902801,0.0954556,-2.43863
111,24,0.0991,0.0849832,0.0849832,0.0906651,0.460229
111,28,0.123,0.0799971,0.0799971,0.0861151,2.11887
111,52,0.172,0.168227,0.168227,0.178789,-0.187842
111,76,0.139,0.11872,0.11872,0.132539,0.241134
111,100,0.235,0.195168,0.195168,0.212875,0.514151
111,104,0.284,0.18594,0.18594,0.203807,1.9465
111,108,0.225,0.175074,0.175074,0.193601,0.802306
111,112,0.145,0.164803,0.164803,0.183886,-1.04611
111,116,0.145,0.155134,0.155134,0.174657,-0.840002
111,120,0.139,0.146032,0.146032,0.165892,-0.801926
112,0.5,0.0153,0.0464453,0.0464453,0.0206687,-1.28496
112,4,0.105,0.11257,0.11257,0.0902725,0.807069
112,8,0.0795,0.108188,0.108188,0.1055,-1.21916
112,12,0.117,0.101884,0.101884,0.104888,0.571258
112,16,0.127,0.0959071,0.0959071,0.101066,1.26938
112,20,0.0917,0.0902801,0.0902801,0.0967253,-0.257016
112,24,0.1,0.0849832,0.0849832,0.0924312,0.405081
112,28,0.0914,0.0799971,0.0799971,0.088298,0.173788
112,52,0.147,0.168227,0.168227,0.157339,-0.325067
112,76,0.137,0.11872,0.11872,0.139237,-0.0794661
112,100,0.175,0.195168,0.195168,0.196028,-0.53066
112,104,0.235,0.18594,0.18594,0.206517,0.682278
112,108,0.251,0.175074,0.175074,0.201378,1.21898
112,112,0.233,0.164803,0.164803,0.193233,1.01806
112,116,0.163,0.155134,0.155134,0.184762,-0.582673
112,120,0.182,0.146032,0.146032,0.176523,0.153481
113,0.5,0.0128,0.0464453,0.0464453,0.0144312,-0.559164
113,4,0.0522,0.11257,0.11257,0.0661187,-1.04138
113,8,0.0711,0.108188,0.108188,0.0794202,-0.518247
113,12,0.096,0.101884,0.101884,0.0797449,1.00838
113,16,0.0785,0.0959071,0.0959071,0.076986,0.097284
113,20,0.0716,0.0902801,0.0902801,0.0735953,-0.134117
113,24,0.0392,0.0849832,0.0849832,0.0701755,-2.18358
113,28,0.0879,0.0799971,0.0799971,0.0668704,1.55572
113,52,0.113,0.168227,0.168227,0.116117,-0.132794
113,76,0.0997,0.11872,0.11872,0.104251,-0.215936
113,100,0.16,0.195168,0.195168,0.144063,0.547236
113,104,0.161,0.18594,0.18594,0.153677,0.23574
113,108,0.127,0.175074,0.175074,0.150488,-0.772104
113,112,0.108,0.164803,0.164803,0.144381,-1.24653
113,116,0.154,0.155134,0.155134,0.137802,0.581506
113,120,0.122,0.146032,0.146032,0.131344,-0.351918
114,0.5,0.0124,0.0464453,0.0464453,0.0166939,-1.27242
114,4,0.0794,0.11257,0.11257,0.0714418,0.551062
114,8,0.063,0.108188,0.108188,0.0825543,-1.17176
114,12,0.0953,0.101884,0.101884,0.0817369,0.820873
114,16,0.0623,0.0959071,0.0959071,0.0786678,-1.02927
114,20,0.0484,0.0902801,0.0902801,0.0752776,-1.76628
114,24,0.0679,0.0849832,0.0849832,0.0719468,-0.278254
114,28,0.0841,0.0799971,0.0799971,0.0687461,1.10486
114,52,0.151,0.168227,0.168227,0.123742,1.08973
114,76,0.155,0.11872,0.11872,0.108534,2.11793
114,100,0.15,0.195168,0.195168,0.15401,-0.128809
114,104,0.114,0.18594,0.18594,0.161444,-1.45377
114,108,0.0927,0.175074,0.175074,0.157112,-2.02812
114,112,0.195,0.164803,0.164803,0.150685,1.45484
114,116,0.102,0.155134,0.155134,0.144086,-1.44496
114,120,0.105,0.146032,0.146032,0.13769,-1.17449
115,0.5,0.0439,0.0464453,0.0464453,0.0466181,-0.288432
115,4,0.11,0.11257,0.11257,0.115527,-0.236653
115,8,0.101,0.108188,0.108188,0.110715,-0.434101
115,12,0.095,0.101884,0.101884,0.10364,-0.412384
115,16,0.118,0.0959071,0.0959071,0.096961,1.0734
115,20,0.101,0.0902801,0.0902801,0.0907116,0.561077
115,24,0.0844,0.0849832,0.0849832,0.0848649,-0.0270996
115,28,0.113,0.0799971,0.0799971,0.0793951,2.09385
115,52,0.145,0.168227,0.168227,0.16876,-0.696492
115,76,0.127,0.11872,0.11872,0.115088,0.51204
115,100,0.189,0.195168,0.195168,0.192692,-0.0947772
115,104,0.178,0.18594,0.18594,0.182907,-0.132717
115,108,0.145,0.175074,0.175074,0.171178,-0.75653
115,112,0.167,0.164803,0.164803,0.160146,0.211705
115,116,0.135,0.155134,0.155134,0.149825,-0.489479
115,120,0.104,0.146032,0.146032,0.140168,-1.27647
116,0.5,0.0578,0.0464453,0.0464453,0.0567628,0.0903927
116,4,0.0943,0.11257,0.11257,0.115502,-0.908074
116,8,0.0872,0.108188,0.108188,0.110708,-1.05044
116,12,0.102,0.101884,0.101884,0.10544,-0.16138
116,16,0.119,0.0959071,0.0959071,0.100418,0.915416
116,20,0.0977,0.0902801,0.0902801,0.0956353,0.106799
116,24,0.08,0.0849832,0.0849832,0.0910805,-0.601826
116,28,0.113,0.0799971,0.0799971,0.0867426,1.49746
116,52,0.138,0.168227,0.168227,0.180227,-1.15907
116,76,0.132,0.11872,0.11872,0.135039,-0.111344
116,100,0.256,0.195168,0.195168,0.216265,0.908903
116,104,0.218,0.18594,0.18594,0.206672,0.271136
116,108,0.237,0.175074,0.175074,0.196834,1.00948
116,112,0.179,0.164803,0.164803,0.187459,-0.22323
116,116,0.196,0.155134,0.155134,0.178531,0.48405
116,120,0.16,0.146032,0.146032,0.170028,-0.291766
117,0.5,0.0259,0.0464453,0.0464453,0.0334329,-1.11462
117,4,0.157,0.11257,0.11257,0.123063,1.36421
117,8,0.133,0.108188,0.108188,0.12818,0.186009
117,12,0.127,0.101884,0.101884,0.118558,0.35226
117,16,0.149,0.0959071,0.0959071,0.107913,1.88348
117,20,0.0926,0.0902801,0.0902801,0.0979954,-0.272367
117,24,0.0728,0.0849832,0.0849832,0.0889584,-0.898562
117,28,0.0786,0.0799971,0.0799971,0.0807507,-0.131758
117,52,0.143,0.168227,0.168227,0.168236,-0.742062
117,76,0.117,0.11872,0.11872,0.106021,0.512265
117,100,0.196,0.195168,0.195168,0.182373,0.36964
117,104,0.152,0.18594,0.18594,0.182018,-0.815826
117,108,0.142,0.175074,0.175074,0.167427,-0.751294
117,112,0.171,0.164803,0.164803,0.152274,0.608368
117,116,0.14,0.155134,0.155134,0.138262,0.0621689
117,120,0.0986,0.146032,0.146032,0.12551,-1.06065
118,0.5,0.0237,0.0464453,0.0464453,0.0247522,-0.21029
118,4,0.0727,0.11257,0.11257,0.0762367,-0.229493
118,8,0.0624,0.108188,0.108188,0.0780305,-0.990932
118,12,0.0803,0.101884,0.101884,0.0755663,0.309891
118,16,0.0563,0.0959071,0.0959071,0.0729429,-1.12871
118,20,0.0678,0.0902801,0.0902801,0.0703969,-0.182487
118,24,0.0876,0.0849832,0.0849832,0.0679389,1.43162
118,28,0.0561,0.0799971,0.0799971,0.0655666,-0.714246
118,52,0.11,0.168227,0.168227,0.129212,-0.735525
118,76,0.146,0.11872,0.11872,0.108368,1.71788
118,100,0.163,0.195168,0.195168,0.163793,-0.0239556
118,104,0.12,0.18594,0.18594,0.16253,-1.29448
118,108,0.197,0.175074,0.175074,0.157115,1.25582
118,112,0.136,0.164803,0.164803,0.151644,-0.510346
118,116,0.147,0.155134,0.155134,0.14635,0.0219667
118,120,0.156,0.146032,0.146032,0.14124,0.516967
119,0.5,0.0555,0.0464453,0.0464453,0.0547446,0.0682593
119,4,0.0932,0.11257,0.11257,0.106485,-0.617187
119,8,0.128,0.108188,0.108188,0.101207,1.30963
119,12,0.085,0.101884,0.101884,0.0957356,-0.55474
119,16,0.0555,0.0959071,0.0959071,0.0905581,-1.91512
119,20,0.0747,0.0902801,0.0902801,0.0856606,-0.632979
119,24,0.0908,0.0849832,0.0849832,0.081028,0.596604
119,28,0.1,0.0799971,0.0799971,0.0766459,1.50734
119,52,0.17,0.168227,0.168227,0.16139,0.263907
119,76,0.107,0.11872,0.11872,0.115977,-0.382898
119,100,0.209,0.195168,0.195168,0.189565,0.507189
119,104,0.172,0.18594,0.18594,0.179793,-0.214427
119,108,0.175,0.175074,0.175074,0.170072,0.143344
119,112,0.113,0.164803,0.164803,0.160874,-1.47215
119,116,0.166,0.155134,0.155134,0.152174,0.449464
119,120,0.161,0.146032,0.146032,0.143944,0.58616
120,0.5,0.162,0.0464453,0.0464453,0.131543,1.14538
120,4,0.147,0.11257,0.11257,0.168327,-0.626779
120,8,0.163,0.108188,0.108188,0.156332,0.21099
120,12,0.134,0.101884,0.101884,0.145188,-0.381218
120,16,0.188,0.0959071,0.0959071,0.134839,1.95036
120,20,0.0987,0.0902801,0.0902801,0.125227,-1.04792
120,24,0.0768,0.0849832,0.0849832,0.116301,-1.68019
120,28,0.114,0.0799971,0.0799971,0.10801,0.274333
120,52,0.235,0.168227,0.168227,0.237632,-0.0547948
120,76,0.145,0.11872,0.11872,0.15248,-0.242673
120,100,0.257,0.195168,0.195168,0.266166,-0.170362
120,104,0.271,0.18594,0.18594,0.247197,0.476346
120,108,0.245,0.175074,0.175074,0.229576,0.332357
120,112,0.213,0.164803,0.164803,0.213211,-0.0048981
120,116,0.217,0.155134,0.155134,0.198013,0.474357
120,120,0.236,0.146032,0.146032,0.183898,1.40157