id,time,CONC,popPred_medianCOV,popPred,indivPred_SAEM,indivPred_mean,indivPred_mode,indWRes_SAEM,indWRes_mean,indWRes_mode
1,0.25,2.84,3.14748,3.14394,3.70886,3.69827,3.6848,-1.32039,-1.30499,-1.28537
1,0.57,6.57,5.6547,5.63918,6.60019,6.58984,6.56664,-0.038693,-0.0254439,0.00431472
1,1.12,10.5,7.68178,7.63593,8.89265,8.89217,8.86246,1.7772,1.77779,1.81409
1,2.02,9.66,8.35844,8.25658,9.71259,9.72192,9.69161,-0.055189,-0.0649417,-0.0332151
1,3.82,8.58,7.50675,7.30898,9.071,9.07496,9.04962,-0.536727,-0.54092,-0.514058
1,5.1,8.36,6.73244,6.48492,8.42849,8.42425,8.40245,-0.078016,-0.0732162,-0.0484384
1,7.03,7.47,5.68871,5.3907,7.52519,7.50992,7.49275,-0.0666523,-0.0482588,-0.027535
1,9.05,6.89,4.76657,4.44014,6.68151,6.65718,6.64406,0.265849,0.297338,0.314355
1,12.12,5.94,3.64295,3.30623,5.57673,5.54277,5.53451,0.496546,0.544092,0.555692
1,24.37,3.28,1.24617,1.01936,2.71123,2.66841,2.66954,0.904676,0.974463,0.97261
2,0.27,1.72,3.34727,3.34623,3.94442,3.95526,3.93171,-3.33966,-3.35403,-3.3228
2,0.52,7.91,5.3481,5.34473,6.07255,6.0831,6.06274,2.43532,2.41973,2.44984
2,1,8.31,7.40271,7.39289,7.9451,7.94791,7.9496,0.428864,0.425475,0.423449
2,1.92,8.33,8.35854,8.33417,8.40606,8.39961,8.42513,-0.0867656,-0.0794428,-0.108387
2,3.5,6.85,7.70254,7.65573,7.40136,7.39686,7.41429,-0.671196,-0.66592,-0.686364
2,5.02,6.08,6.77927,6.71635,6.37308,6.37378,6.37501,-0.381132,-0.382024,-0.383591
2,7.03,5.4,5.68871,5.61164,5.21824,5.22419,5.20913,0.253917,0.245519,0.266792
2,9,4.55,4.78749,4.70268,4.28923,4.29848,4.2731,0.384331,0.370506,0.408464
2,12,3.01,3.68143,3.59297,3.18211,3.19391,3.16041,-0.268266,-0.286505,-0.234668
2,24.3,0.9,1.25384,1.19177,0.93561,0.945053,0.91758,-0.0595895,-0.0753818,-0.0294271
3,0.27,4.4,3.34727,3.34705,4.3605,4.38637,4.29888,0.057991,0.019983,0.148962
3,0.58,6.9,5.71285,5.712,6.82688,6.84606,6.76299,0.0923769,0.0680595,0.173788
3,1.02,8.2,7.45414,7.45203,8.14582,8.1449,8.10624,0.062858,0.063925,0.109048
3,2.02,7.8,8.35844,8.35301,8.26198,8.2402,8.25334,-0.531948,-0.507579,-0.522294
3,3.62,7.5,7.62949,7.61937,7.29292,7.27231,7.28444,0.25386,0.279506,0.264399
3,5.08,6.2,6.74412,6.7308,6.44403,6.42825,6.42984,-0.315923,-0.295789,-0.297818
3,7.07,5.3,5.66883,5.65258,5.44152,5.43123,5.42143,-0.19505,-0.180975,-0.167557
3,9,4.9,4.78749,4.76963,4.6184,4.61217,4.59466,0.407449,0.416615,0.442396
3,12.15,3.7,3.63339,3.61471,3.53377,3.53213,3.50727,0.25483,0.257362,0.295826
3,24.17,1.05,1.26819,1.25487,1.27241,1.27613,1.25149,-0.369921,-0.37608,-0.335271
4,0.35,1.89,4.08242,4.08054,3.33458,3.36248,3.33091,-2.23576,-2.27594,-2.23047
4,0.6,4.6,5.8261,5.82127,4.95113,4.98296,4.94597,-0.498361,-0.542523,-0.49119
4,1.07,8.6,7.57389,7.56166,6.84481,6.86796,6.8381,2.21474,2.18229,2.22417
4,2.13,8.38,8.34636,8.31527,8.22943,8.22097,8.22086,0.173739,0.1836,0.183733
4,3.5,7.54,7.70254,7.64993,7.95383,7.92832,7.94261,-0.486088,-0.456881,-0.473252
4,5.02,6.88,6.77927,6.70857,7.10903,7.08534,7.09473,-0.284123,-0.255124,-0.266627
4,7.02,5.78,5.69369,5.60718,6.00228,5.98856,5.98484,-0.295902,-0.277886,-0.272988
4,9.02,5.33,4.77911,4.6838,5.04913,5.04451,5.02981,0.396345,0.402966,0.424084
4,11.98,4.19,3.68789,3.58857,3.90641,3.91111,3.88613,0.426613,0.419448,0.457613
4,24.65,1.15,1.21599,1.14755,1.30215,1.31563,1.28778,-0.252897,-0.275226,-0.229092
5,0.3,2.02,3.63464,3.64304,4.0803,4.07414,4.05596,-3.0711,-3.06292,-3.03876
5,0.52,5.63,5.3481,5.37058,6.04148,6.02883,6.01113,-0.546438,-0.530057,-0.50709
5,1,11.4,7.40271,7.46858,8.45802,8.43276,8.42957,3.34499,3.37922,3.38354
5,2.02,9.33,8.35844,8.53375,9.70114,9.66753,9.6885,-0.38979,-0.355244,-0.376812
5,3.5,8.74,7.70254,8.02242,9.04052,9.02085,9.03704,-0.329149,-0.307985,-0.325407
5,5.02,7.56,6.77927,7.21452,8.01015,8.01014,8.0074,-0.526827,-0.526815,-0.523706
5,7.02,7.09,5.69369,6.2352,6.77731,6.79849,6.7735,0.396269,0.368931,0.401193
5,9.1,5.9,4.74575,5.35438,5.69131,5.72788,5.68656,0.283249,0.23308,0.289775
5,12,4.37,3.68143,4.32987,4.46104,4.51035,4.4556,-0.132903,-0.204316,-0.125007
5,24.35,1.57,1.24836,1.75259,1.58114,1.63015,1.57662,-0.0183946,-0.0992019,-0.0109417
6,0.27,1.29,3.34727,3.34302,2.02033,2.01829,2.01113,-1.19103,-1.18779,-1.17638
6,0.58,3.08,5.71285,5.69621,3.66681,3.6642,3.65125,-0.893643,-0.88979,-0.870622
6,1.15,6.44,7.7412,7.69158,5.42985,5.42856,5.40947,1.3932,1.3951,1.42308
6,2.03,6.32,8.35783,8.25119,6.37963,6.38172,6.35942,-0.0775099,-0.0802138,-0.0513032
6,3.57,5.53,7.66001,7.46619,6.14535,6.15124,6.12988,-0.811838,-0.819306,-0.792207
6,5,4.94,6.79102,6.53709,5.42442,5.43151,5.41271,-0.668335,-0.677824,-0.652641
6,7,4.02,5.70366,5.39443,4.42418,4.43144,4.41613,-0.591254,-0.601636,-0.579745
6,9.22,3.46,4.69614,4.35532,3.50217,3.50901,3.4969,-0.0647503,-0.0752205,-0.0566755
6,12.1,2.78,3.64934,3.2995,2.58252,2.58856,2.57964,0.315708,0.305988,0.320348
6,23.85,0.92,1.30423,1.06299,0.744769,0.747671,0.745113,0.294013,0.289133,0.293433
7,0.25,0.85,3.14748,3.14953,1.54704,1.54307,1.54872,-1.1521,-1.14565,-1.15482
7,0.5,2.35,5.21774,5.22493,2.80177,2.79517,2.8033,-0.715911,-0.705645,-0.718288
7,1.02,5.02,7.45414,7.47734,4.68062,4.67126,4.67831,0.489317,0.503072,0.492712
7,2.02,6.58,8.35844,8.41809,6.47051,6.46015,6.45638,0.141509,0.155004,0.159914
7,3.48,7.09,7.71465,7.82221,6.96567,6.95435,6.93768,0.155669,0.169963,0.191057
7,5,6.66,6.79102,6.93671,6.51447,6.49997,6.47977,0.187564,0.206437,0.232798
7,6.98,5.25,5.71365,5.89321,5.59334,5.57348,5.55716,-0.468822,-0.442249,-0.420358
7,9,4.39,4.78749,4.9872,4.67978,4.65535,4.64561,-0.417821,-0.383138,-0.369277
7,12.05,3.53,3.66535,3.87591,3.53844,3.51027,3.50896,-0.0129302,0.0302809,0.0322863
7,24.22,1.15,1.26265,1.41748,1.14713,1.12513,1.13329,0.00478889,0.0414767,0.0278722
8,0.25,3.05,3.14748,3.14729,2.57605,2.58386,2.56885,0.757898,0.745189,0.769638
8,0.52,3.05,5.3481,5.34739,4.46977,4.48272,4.4596,-2.07163,-2.08901,-2.05797
8,0.98,7.31,7.34917,7.34717,6.3206,6.33761,6.31065,1.29095,1.26739,1.30476
8,2.02,7.56,8.35844,8.35301,7.46465,7.4819,7.45904,0.115601,0.0945834,0.122451
8,3.53,6.59,7.68434,7.67445,6.96817,6.98137,6.96303,-0.473419,-0.489525,-0.467141
8,5.05,5.88,6.76168,6.74842,6.12146,6.13088,6.11355,-0.319041,-0.331294,-0.308748
8,7.15,4.73,5.62927,5.61294,5.05594,5.06137,5.04443,-0.459762,-0.46727,-0.443826
8,9.07,4.57,4.75823,4.74033,4.23918,4.24195,4.22556,0.488904,0.48474,0.50942
8,12.1,3,3.64934,3.63066,3.20961,3.20958,3.19453,-0.326306,-0.326255,-0.30304
8,24.12,1.25,1.27376,1.26041,1.0644,1.06159,1.05315,0.309928,0.314631,0.328774
9,0.3,7.37,3.63464,3.62628,6.96915,7.01971,6.86478,0.501772,0.437058,0.636688
9,0.63,9.03,5.98862,5.95763,8.05475,8.05923,8.03684,1.13809,1.13254,1.16033
9,1.05,7.14,7.52747,7.45736,7.95567,7.94363,7.96928,-0.957988,-0.944583,-0.97311
9,2.02,6.33,8.35844,8.18731,7.28926,7.27636,7.29903,-1.17625,-1.16139,-1.18748
9,3.53,5.66,7.68434,7.37578,6.33431,6.32417,6.3308,-0.879057,-0.8664,-0.874676
9,5.02,5.67,6.77927,6.37132,5.51464,5.50676,5.50125,0.213163,0.224091,0.231726
9,7.17,4.24,5.61943,5.1214,4.51521,4.50987,4.49207,-0.400547,-0.392884,-0.367339
9,8.8,4.11,4.87207,4.33785,3.88009,3.87622,3.85228,0.346336,0.352238,0.388785
9,11.6,3.16,3.81267,3.26121,2.99054,2.98851,2.95865,0.266402,0.26961,0.316965
9,24.43,1.12,1.23964,0.882394,0.906861,0.907579,0.882809,0.356824,0.355619,0.397233
10,0.37,2.89,4.25116,4.26051,2.96753,2.93497,2.94153,-0.121993,-0.0708664,-0.0811808
10,0.77,5.22,6.64091,6.67397,5.23315,5.19264,5.19912,-0.0183597,0.0382809,0.0292066
10,1.02,6.41,7.45414,7.50567,6.27398,6.23675,6.24102,0.178,0.227261,0.221592
10,2.05,7.83,8.3563,8.49156,8.60811,8.60719,8.5968,-0.876196,-0.875214,-0.864087
10,3.55,10.21,7.67218,7.91724,9.23626,9.27702,9.24972,1.05326,1.00655,1.0378
10,5.05,9.18,6.76168,7.0913,8.78484,8.83457,8.80065,0.439952,0.383356,0.421922
10,7.08,8.02,5.66387,6.07258,7.81491,7.85079,7.81669,0.24308,0.200084,0.240944
10,9.38,7.14,4.63081,5.09091,6.73327,6.74562,6.71519,0.516911,0.500818,0.540511
10,12.1,5.68,3.64934,4.13255,5.62252,5.61117,5.58566,0.0783541,0.0938848,0.128887
10,23.7,2.42,1.32148,1.69799,2.59793,2.54865,2.53715,-0.284293,-0.20594,-0.187626
11,0.25,4.86,3.14748,3.14937,4.89308,4.92862,4.8369,-0.0471174,-0.0975257,0.0330012
11,0.5,7.24,5.21774,5.22439,6.89816,6.91649,6.85255,0.429872,0.406332,0.488658
11,0.98,8,7.34917,7.36935,7.85842,7.84227,7.84625,0.16733,0.186617,0.181854
11,1.98,6.81,8.35983,8.41366,7.41176,7.38118,7.41625,-0.732057,-0.696232,-0.737313
11,3.6,5.87,7.64171,7.74435,6.31621,6.29165,6.31629,-0.582373,-0.551174,-0.582476
11,5.02,5.22,6.77927,6.91434,5.48209,5.46279,5.47824,-0.360328,-0.334186,-0.355117
11,7.03,4.45,5.68871,5.85523,4.48614,4.4727,4.47844,-0.0526887,-0.0331122,-0.0414758
11,9.03,3.62,4.77493,4.9596,3.6748,3.6657,3.66478,-0.0834135,-0.0695941,-0.0681982
11,12.12,2.69,3.64295,3.83737,2.70007,2.69556,2.6885,-0.0160182,-0.00884332,0.00238328
11,24.08,0.86,1.27823,1.42169,0.818969,0.82016,0.810547,0.068778,0.06678,0.0829055
12,0.25,1.25,3.14748,3.15112,2.48689,2.49753,2.47613,-1.9847,-2.00096,-1.96823
12,0.5,3.96,5.21774,5.23051,4.39938,4.41205,4.38151,-0.643635,-0.661735,-0.618082
12,1,7.82,7.40271,7.44272,6.96002,6.96341,6.9349,1.07714,1.07266,1.1104
12,2,9.72,8.35935,8.46427,9.08725,9.06143,9.0597,0.690954,0.720343,0.722314
12,3.52,9.75,7.69041,7.88449,9.21246,9.16661,9.18651,0.582317,0.633837,0.611436
12,5.07,8.57,6.74997,7.01345,8.31855,8.27763,8.29269,0.288475,0.336315,0.318675
12,7.07,6.59,5.66883,5.99362,7.01718,6.99356,6.99031,-0.533085,-0.504372,-0.500418
12,9.03,6.11,4.77493,5.13556,5.88604,5.87848,5.85857,0.300322,0.310606,0.337727
12,12.05,4.57,3.66535,4.04742,4.47725,4.48701,4.45033,0.135278,0.120982,0.174804
12,24.15,1.17,1.27041,1.55901,1.49353,1.51802,1.47644,-0.535442,-0.575628,-0.507366