id,OCC,time,y1,popPred_medianCOV,popPred,indivPred_SAEM,indWRes_SAEM
1,1,0.25,19.11,9.30714,9.34794,18.1263,0.555363
1,1,1,47.47,24.8601,24.9069,45.802,0.372768
1,1,1.25,42.02,27.3579,27.3906,49.3582,-1.5218
1,1,1.5,56.79,29.0005,29.0171,51.1812,1.12175
1,1,1.75,53.45,29.9887,29.989,51.7148,0.343461
1,1,2,49.1,30.4774,30.4624,51.3024,-0.439426
1,1,3,43.02,29.4768,29.4198,44.6361,-0.370597
1,1,6,21.7,19.944,19.8812,20.7279,0.479922
1,1,7,17.18,17.1248,17.0719,15.5436,1.07725
1,1,10,6.52,10.7484,10.721,6.43918,0.128327
1,1,16,1.15,4.21336,4.20835,1.09189,0.540671
1,1,20,0.27,2.25625,2.25563,0.333102,-1.89204
1,1,22,0.19,1.65108,1.65136,0.184471,0.293597
1,2,24.25,13.54,9.48391,9.56108,16.2711,-1.71754
1,2,25,40.04,23.2567,23.3567,40.9682,-0.231896
1,2,25.25,51.97,25.4478,25.5253,44.1486,1.81338
1,2,25.5,45.52,26.8771,26.9282,45.7844,-0.0591175
1,2,25.75,51.81,27.7227,27.7467,46.2718,1.22512
1,2,26,49.79,28.1234,28.1219,45.9161,0.863579
1,2,27,38.78,27.1021,27.0285,40.0173,-0.31648
1,2,30,17.09,18.3006,18.215,18.7349,-0.898451
1,2,31,15.17,15.7123,15.6427,14.0934,0.781602
1,2,34,5.91,9.86128,9.8316,5.89694,0.0226481
1,2,40,0.85,3.86561,3.86696,1.01891,-1.68335
1,2,44,0.35,2.07019,2.07512,0.315889,1.07707
1,2,46,0.19,1.51497,1.51997,0.175893,0.783909
2,1,0.25,25.97,9.74513,9.78124,25.8131,0.0621985
2,1,0.5,37,16.974,17.0208,40.5207,-0.889327
2,1,0.75,48.77,22.2542,22.2962,47.8586,0.194927
2,1,1.25,50.12,28.6453,28.6556,49.8908,0.0470344
2,1,1.5,49.89,30.3652,30.3561,47.5481,0.50414
2,1,2,41.62,31.9114,31.8658,40.3241,0.328928
2,1,3,25.36,30.8638,30.7711,25.2593,0.0408104
2,1,5,7.9,24.2005,24.0947,8.18083,-0.351082
2,1,9,0.76,13.1518,13.0927,0.740231,0.270374
2,1,10,0.36,11.2542,11.2047,0.404112,-1.09493
2,1,11,0.22,9.62869,9.58742,0.22063,-0.0281768
2,1,14,0.04,6.02838,6.00468,0.0358409,0.963825
2,2,24.25,21.39,7.89596,7.94906,17.8969,1.99724
2,2,24.5,27.63,12.8026,12.8782,28.0358,-0.148134
2,2,24.75,31.95,16.3755,16.4511,33.0445,-0.339009
2,2,25.25,31.07,20.6679,20.7101,34.323,-0.970063
2,2,25.5,31.12,21.8057,21.8251,32.6651,-0.48412
2,2,26,25.39,22.7887,22.7637,27.6392,-0.832875
2,2,27,18.12,21.9378,21.8534,17.2641,0.507322
2,2,29,6.14,17.1613,17.0587,5.58724,1.01132
2,2,33,0.54,9.32206,9.27262,0.508734,0.619043
2,2,34,0.26,7.97693,7.93795,0.278266,-0.652469
2,2,35,0.17,6.82477,6.79442,0.152171,1.13722
2,2,38,0.02,4.27287,4.25967,0.0248889,-1.50639
3,1,0.25,6.7,10.8401,10.8729,7.82595,-1.47136
3,1,0.5,15.17,18.8812,18.9197,13.4849,1.27851
3,1,0.75,16.62,24.7547,24.7827,17.5115,-0.520951
3,1,1.5,22.89,33.7768,33.7374,23.372,-0.211061
3,1,3,24.36,34.3312,34.1914,23.3313,0.451232
3,1,7,13.6,19.9451,19.8226,14.0088,-0.298599
3,1,8,12.01,17.0895,16.9833,12.1714,-0.135661
3,1,11,8.04,10.7105,10.6436,7.96919,0.0908733
3,2,24.25,6.48,7.70439,7.7448,5.85877,1.084
3,2,24.5,8.6,12.3622,12.4206,9.1531,-0.618073
3,2,24.75,12.81,15.752,15.8075,11.4755,1.18966
3,2,25.5,12.98,20.8951,20.8915,14.7677,-1.23861
3,2,27,15.09,20.987,20.8814,14.4875,0.425547
3,2,31,8.62,12.1536,12.0615,8.65182,-0.0376128
3,2,32,7.52,10.413,10.336,7.5165,0.0047597
3,2,35,4.76,6.52586,6.48354,4.9216,-0.335583
4,1,1,24.1,28.3698,28.3555,26.6879,-0.992415
4,1,1.25,30.68,31.2203,31.1796,29.9703,0.242349
4,1,1.5,34.97,33.0948,33.0274,32.4045,0.810334
4,1,5,30.5,26.376,26.1919,32.7488,-0.70283
4,1,10,21.63,12.2658,12.1665,20.3723,0.63175
4,1,12,19.39,8.97786,8.90336,16.7131,1.63891
4,1,14,13.26,6.57028,6.51451,13.7073,-0.333877
4,1,16,10.86,4.80819,4.76646,11.2414,-0.347077
4,1,18,8.66,3.51866,3.48747,9.21896,-0.620171
5,1,0.25,5.42,5.91272,5.92261,5.61858,-0.361301
5,1,0.5,8.59,10.2985,10.3048,9.7821,-1.24656
5,1,1,16.16,15.7919,15.7714,15.0312,0.76843
5,1,1.25,15.14,17.3766,17.3395,16.58,-0.888699
5,1,1.5,17.58,18.419,18.3656,17.6332,-0.0308449
5,1,2,18.9,19.3553,19.2733,18.6994,0.109758
5,1,9,10.31,7.9783,7.90081,10.2106,0.0996204
5,1,16,4.06,2.67624,2.64638,4.73719,-1.46093
5,1,22,2,1.04871,1.03576,2.45231,-1.88188
5,2,24.25,7.72,6.54131,6.56941,7.54191,0.241472
5,2,24.5,11.54,10.8167,10.8545,11.6332,-0.0819347
5,2,25,15.01,16.154,16.1653,16.7015,-1.03633
5,2,25.25,22.63,17.6845,17.6728,18.1588,2.51965
5,2,25.5,21.08,18.6837,18.6478,19.1249,1.04613
5,2,26,20.04,19.5572,19.4768,20.037,0.00150709
5,2,33,10.61,8.01808,7.93187,10.8203,-0.198869
5,2,40,4.2,2.68955,2.66295,5.07434,-1.76112
5,2,46,3.35,1.05405,1.04449,2.65121,2.68995
6,1,1.25,36.53,29.6111,29.5233,37.8212,-0.349436
6,1,3,39.38,31.9047,31.6727,39.6402,-0.0671804
6,1,4,39.16,28.6552,28.407,36.8404,0.644466
6,1,5,37.79,25.0166,24.7769,33.8558,1.18937
6,1,6,28.51,21.5866,21.366,31.0179,-0.827523
6,1,9,24.24,13.5953,13.4396,23.7805,0.197768
6,1,10,20.93,11.6336,11.4966,21.7619,-0.391195
6,1,18,10.24,3.3373,3.28971,10.7024,-0.441982
6,1,20,9.11,2.44208,2.40575,8.96248,0.168357
6,2,25.25,44.49,30.6779,30.6295,43.5181,0.22859
6,2,27,42.16,32.7108,32.4365,44.4362,-0.52432
6,2,28,44.69,29.3454,29.0414,41.2246,0.86043
6,2,29,37.98,25.6076,25.314,37.8751,0.0283597
6,2,30,35.15,22.0926,21.8263,34.7066,0.130748
6,2,33,22.44,13.9123,13.7378,26.6362,-1.61231
6,2,34,27.45,11.9048,11.7554,24.3842,1.28672
6,2,42,13.98,3.4151,3.37284,12.0278,1.66049
6,2,44,10.06,2.49919,2.4684,10.0799,-0.0201908
6,3,49.25,49.08,31.3466,31.3614,45.1441,0.892403
6,3,51,43.11,33.4233,33.1178,45.8092,-0.603118
6,3,52,46.41,29.9845,29.6329,42.4523,0.95424
6,3,53,35.68,26.1653,25.8244,38.9793,-0.866365
6,3,54,36.04,22.5737,22.2674,35.7028,0.0966578
6,3,57,25.76,14.2152,14.026,27.3704,-0.602176
6,3,58,25.69,12.1641,12.0058,25.0474,0.262557
6,3,66,11.1,3.48948,3.45396,12.3197,-1.01291
6,3,68,10.55,2.55362,2.52947,10.3172,0.230839
7,1,0.75,13.12,17.7533,17.7197,12.9312,0.149342
7,1,1,16.43,20.7656,20.7057,15.3834,0.696134
7,1,1.25,15.91,22.8522,22.7655,17.1945,-0.764449
7,1,1.5,18.74,24.2245,24.1122,18.49,0.138363
7,1,3,18.36,24.6228,24.4175,20.0015,-0.839849
7,1,5,17.35,19.3067,19.0966,16.2733,0.677023
7,1,8,10.3,12.2566,12.1006,10.4393,-0.136459
7,1,9,9.03,10.4922,10.3538,8.92775,0.117138
7,1,18,2.29,2.5756,2.53196,2.1421,0.704109
7,1,20,1.42,1.88469,1.85118,1.55986,-0.913028
8,1,0.75,9.29,13.5021,13.4663,9.02635,0.298753
8,1,1.5,11.97,18.419,18.3177,12.7557,-0.630169
8,1,5,13.57,14.6801,14.5014,12.7446,0.662634
8,1,6,10.88,12.6676,12.5025,11.8403,-0.829721
8,1,16,5.36,2.67624,2.6265,5.36465,-0.00885727
9,1,0.5,9.55,13.5411,13.5104,8.97735,0.652439
9,1,1.25,13.48,22.8522,22.7275,16.2219,-1.72952
9,1,2,19.09,25.4584,25.2553,19.1341,-0.0235909
9,1,4,19.92,22.1147,21.8447,18.5127,0.777911
9,1,7,11.71,14.3045,14.0863,13.1609,-1.12791
9,1,8,11.9,12.2565,12.0607,11.5526,0.307602
9,1,9,11.28,10.4922,10.3175,10.1173,1.17552
9,1,14,4.64,4.80927,4.714,5.16099,-1.03181
9,1,20,2.36,1.88467,1.84038,2.2943,0.292109
10,1,0.5,14.28,10.8707,10.8383,14.5728,-0.205581
10,1,0.75,20.26,14.2522,14.1929,19.0418,0.65469
10,1,1,18.6,16.6692,16.5815,22.1772,-1.65073
10,1,1.75,26.52,20.1038,19.9409,26.281,0.0930828
10,1,5,16.88,15.4956,15.2668,17.6358,-0.438513
10,1,6,13.95,13.3714,13.1595,14.4158,-0.330622
10,1,10,5.74,7.20642,7.06864,6.16454,-0.704096
10,1,11,5.32,6.16558,6.04313,4.97184,0.715714
10,1,18,1.19,2.0673,2.01569,1.09945,0.836776
10,1,20,0.68,1.51286,1.4729,0.714847,-0.493309
10,2,24.5,19.55,14.2889,14.2813,18.7625,0.429505
10,2,24.75,23.33,18.4716,18.4346,24.3612,-0.433216
10,2,25,32.13,21.4543,21.3778,28.2536,1.4042
10,2,25.75,31.67,25.6565,25.456,33.2107,-0.474831
10,2,29,25.01,19.6712,19.3406,21.9847,1.40825
10,2,30,18.61,16.9717,16.669,17.9481,0.377355
10,2,34,6.98,9.14566,8.9623,7.66463,-0.913464
10,2,35,7.32,7.82471,7.66457,6.18156,1.8829
10,2,42,1.24,2.62359,2.56256,1.36961,-0.96294
10,2,44,0.88,1.91996,1.87378,0.890359,-0.118008
11,1,0.5,7.54,10.68,10.6406,8.04492,-0.641876
11,1,1.25,14.89,18.0202,17.8921,15.0726,-0.123925
11,1,1.5,16.65,19.1012,18.9466,16.5084,0.0877731
11,1,3,22.32,19.4137,19.1694,20.0145,1.17882
11,1,6,18.82,13.1368,12.9102,18.0324,0.446932
11,1,7,14.69,11.28,11.0738,16.8745,-1.32469
11,1,8,14.76,9.66507,9.47944,15.7275,-0.629425
11,1,10,13.88,7.07999,6.93168,13.5937,0.21552
11,1,12,11.27,5.18215,5.06486,11.7229,-0.395246
11,1,18,8.15,2.03103,1.97492,7.50336,0.881297
11,2,24.5,13.98,15.2293,15.2103,15.6066,-1.06643
11,2,25.25,20.7,25.1088,24.9602,24.9041,-1.72765
11,2,25.5,31.55,26.5512,26.3554,26.7655,1.82947
11,2,27,35.02,26.844,26.4716,31.0089,1.32391
11,2,30,24.45,18.139,17.7897,27.4894,-1.13159
11,2,31,26.96,15.5741,15.2612,25.6943,0.50413
11,2,32,25.08,13.344,13.0669,23.9334,0.490317
11,2,34,21.26,9.77476,9.56075,20.6766,0.288746
11,2,36,15.45,7.15453,6.9905,17.829,-1.36544
11,2,42,12.25,2.80406,2.73131,11.4117,0.751543
12,1,0.25,10.87,7.77415,7.75041,11.35,-0.432683
12,1,0.75,23.4,17.7528,17.6522,23.6134,-0.0924849
12,1,1,29.46,20.7635,20.6214,26.5915,1.10402
12,1,2,27.29,25.4485,25.1744,29.4644,-0.755287
12,1,3,26.83,24.6137,24.278,27.3886,-0.208753
12,1,4,22.43,22.1079,21.7598,24.5212,-0.872802
12,1,5,20.17,19.3015,18.9666,21.7546,-0.745442
12,1,7,13.89,14.3014,14.0184,17.0348,-1.88908
12,1,9,14.48,10.49,10.2612,13.327,0.885167
12,1,11,10.66,7.67992,7.49772,10.4256,0.229971
12,1,18,4.4,2.57505,2.49706,4.41457,-0.0337328
12,1,22,2.55,1.37906,1.33216,2.70164,-0.572863
12,2,24.25,14.61,9.18294,9.16224,14.1526,0.330687
12,2,24.75,28.05,19.6484,19.5707,27.0265,0.387568
12,2,25,31.97,22.794,22.6684,30.1012,0.635427
12,2,26,28.74,27.6193,27.3122,32.8485,-1.28015
12,2,27,33.89,26.6308,26.2284,30.4376,1.16091
12,2,28,20.77,23.8924,23.4676,27.2407,-2.43109
12,2,29,28.98,20.8497,20.442,24.1777,2.03275
12,2,31,20.43,15.4441,15.1083,18.959,0.793996
12,2,33,16.71,11.3276,11.0647,14.855,1.27771
12,2,35,11.33,8.29306,8.09001,11.6388,-0.271441
12,2,42,5.4,2.78063,2.7007,4.95486,0.918198
12,2,46,2.74,1.48913,1.44274,3.04159,-1.01235
13,1,1.75,31.78,31.0477,30.7125,31.6521,0.0413445
13,1,4,26.14,27.4096,26.9455,26.9016,-0.289757
13,1,6,20,20.6483,20.2341,19.9793,0.0106171
13,1,10,10.05,11.1279,10.8542,10.6048,-0.535199
13,1,11,7.59,9.52067,9.27641,9.04376,-1.64417
13,1,12,9.39,8.14497,7.92747,7.71222,2.22478
13,1,20,2.03,2.33595,2.25416,2.15649,-0.598205
14,1,0.5,13.31,12.7782,12.7037,14.819,-1.04191
14,1,0.75,18.12,16.7531,16.633,19.4006,-0.675486
14,1,1.75,27.78,23.639,23.3625,27.1719,0.229034
14,1,2,26.83,24.0243,23.7208,27.5517,-0.268071
14,1,4,23.15,20.869,20.4911,23.3934,-0.106494
14,1,8,11.68,11.5661,11.2879,12.2503,-0.476301
14,1,18,2.03,2.43042,2.34392,2.21746,-0.862232
14,1,20,1.52,1.77848,1.71112,1.57498,-0.355472
14,2,24.5,23.13,18.4244,18.3553,21.3567,0.849717
14,2,24.75,28.37,23.8478,23.7218,27.655,0.264612
14,2,25.75,39.26,33.1705,32.7862,38.1211,0.305805
14,2,26,42.85,33.6703,33.2354,38.5826,1.13209
14,2,28,33.59,29.1547,28.5687,32.5838,0.316064
14,2,32,18.93,16.1499,15.7345,17.1459,1.06473
14,2,42,3.41,3.39368,3.2782,3.16829,0.778969
14,2,44,2.31,2.48351,2.39498,2.25972,0.226979
15,1,0.25,5.63,5.69373,5.66484,5.34374,0.547574
15,1,0.5,10.47,9.91712,9.85223,9.02498,1.63768
15,1,1,12.88,15.207,15.0669,13.0818,-0.157791
15,1,1.25,13.81,16.7331,16.5587,14.0308,-0.161033
15,1,1.5,13.12,17.7368,17.5321,14.52,-0.986508
15,1,2,13.29,18.6384,18.3856,14.6082,-0.923296
15,1,3,13.34,18.027,17.7238,13.1457,0.151257
15,1,8,6.57,8.9747,8.74446,5.17975,2.74339
15,1,11,2.87,5.62474,5.45882,2.88134,-0.0401858
15,1,16,1.12,2.57712,2.48501,1.08362,0.34104
15,1,18,0.65,1.88592,1.81384,0.732676,-1.14223
15,2,24.25,6.35,8.26597,8.23149,7.25212,-1.27204
15,2,24.5,11.68,13.8415,13.777,12.0963,-0.352065
15,2,25,19.07,20.8084,20.6448,17.4413,0.955533
15,2,25.25,19.26,22.8094,22.5921,18.6934,0.310189
15,2,25.5,19.8,24.1185,23.8508,19.3388,0.244065
15,2,26,17.7,25.271,24.9191,19.4537,-0.922502
15,2,27,17.24,24.3816,23.9352,17.5122,-0.159053
15,2,32,6.64,12.1196,11.7877,6.91289,-0.403649
15,2,35,3.38,7.59557,7.3655,3.84884,-1.2444
15,2,40,1.57,3.4801,3.35866,1.44965,0.845056
15,2,42,0.99,2.54677,2.45324,0.980927,0.093895
15,3,48.25,8.67,9.06219,9.06006,7.92858,0.956345
15,3,48.5,12.51,15.0343,15.0178,13.1585,-0.504239
15,3,49,21.03,22.4916,22.3672,18.8792,1.1658
15,3,49.25,19.25,24.6309,24.4393,20.1988,-0.480706
15,3,49.5,18.52,26.0283,25.7709,20.8648,-1.15007
15,3,50,21.41,27.2523,26.8808,20.938,0.23068
15,3,51,19.22,26.2768,25.7715,18.7879,0.235378
15,3,56,7.6,13.0566,12.6836,7.37985,0.305064
15,3,59,4.31,8.1828,7.93284,4.10264,0.516384
15,3,64,1.57,3.74916,3.62349,1.54145,0.188574
15,3,66,0.96,2.74366,2.64847,1.04202,-0.79941
16,1,0.5,8.11,12.0153,11.9281,7.52104,0.800811
16,1,1.5,14.56,21.4951,21.2285,14.8628,-0.208463
16,1,1.75,13.18,22.2279,21.9281,15.7108,-1.64826
16,1,5,14.48,17.1315,16.7458,14.9227,-0.303545
16,1,12,6.17,5.83116,5.64003,6.7599,-0.892283
16,1,14,5.43,4.26743,4.11602,5.33928,0.173687
16,1,20,2.52,1.67246,1.59966,2.62935,-0.424407
16,2,24.5,8.83,12.8424,12.7623,9.07393,-0.274966
16,2,25.5,17.02,22.1959,21.9222,16.2364,0.493834
16,2,25.75,17.3,22.9,22.5839,17.0416,0.15513
16,2,29,15.99,17.5357,17.098,15.8247,0.106907
16,2,36,7.88,5.96694,5.76736,7.18821,0.984125
16,2,38,5.59,4.36679,4.21179,5.6865,-0.173475
16,2,44,2.89,1.71141,1.64022,2.81374,0.276633
17,1,0.75,10.67,12.5019,12.3841,10.7891,-0.112935
17,1,1,13.99,14.6221,14.4644,12.7509,0.994226
17,1,1.25,13.06,16.0895,15.8953,14.1538,-0.790697
17,1,3,15.66,17.3336,17.0056,15.5497,0.0725983
17,1,6,11.24,11.7293,11.4286,9.71419,1.60665
17,1,7,7.93,10.0714,9.79644,7.99404,-0.0819258
17,1,8,6.55,8.62953,8.38042,6.54136,0.0135121
17,1,11,3.13,5.40842,5.22814,3.53652,-1.17405
17,1,14,2.01,3.38614,3.25848,1.90131,0.582718
17,2,24.75,17.47,19.383,19.2343,16.5678,0.557215
17,2,25,19.88,22.5387,22.326,19.5043,0.197138
17,2,25.25,20.19,24.7167,24.4404,21.5896,-0.663414
17,2,27,23.79,26.4438,25.9035,23.4684,0.140264
17,2,30,14.98,17.8709,17.3736,14.5558,0.298203
17,2,31,10.5,15.344,14.8943,11.9646,-1.25232
17,2,32,8.99,13.1469,12.7445,9.78221,-0.828394
17,2,35,4.63,8.23943,7.95814,5.28048,-1.25914
17,2,38,2.85,5.15858,4.96499,2.83599,0.0504167
17,3,48.75,19.21,24.2142,24.101,20.4897,-0.639159
17,3,49,25.38,28.1204,27.9213,24.1223,0.533594
17,3,49.25,25.87,30.8145,30.5244,26.7075,-0.320952
17,3,51,29.99,32.9166,32.2135,29.1193,0.306034
17,3,54,20.68,22.239,21.5835,18.1688,1.41434
17,3,55,15.91,19.0941,18.5068,14.9645,0.646489
17,3,56,11.93,16.36,15.8397,12.2596,-0.275021
17,3,59,7.1,10.2531,9.90035,6.65777,0.679164
17,3,62,3.83,6.41931,6.18297,3.5973,0.660713
18,1,0.5,4.67,13.1596,13.0454,4.71778,-0.103507
18,1,1,7.34,20.1807,19.9471,8.22516,-1.10063
18,1,1.75,10.06,24.3445,23.9727,11.8009,-1.50926
18,1,2,12.27,24.7414,24.3369,12.6472,-0.305111
18,1,4,16.61,21.4919,21.0018,15.6335,0.639129
18,1,7,15.45,13.9016,13.5012,14.6802,0.536548
18,1,9,13.09,10.1966,9.86944,13.1573,-0.0523583
18,1,10,12.73,8.72537,8.43155,12.3673,0.300067
18,1,12,10.1,6.38646,6.15138,10.8532,-0.709972
18,1,16,8.73,3.42034,3.2732,8.26979,0.569144
18,2,24.5,8.25,15.0189,14.9023,9.78006,-1.60029
18,2,25,14,22.4775,22.2346,13.4473,0.420547
18,2,25.75,20.19,26.8444,26.4242,17.0827,1.86129
18,2,26,19.54,27.2402,26.7748,17.9162,0.927468
18,2,28,18.39,23.5659,22.9734,20.5016,-1.054
18,2,31,19.23,15.2332,14.7603,18.697,0.291718
18,2,33,16.54,11.1729,10.7956,16.6576,-0.0722334
18,2,34,14.57,9.56073,9.22567,15.634,-0.696344
18,2,36,12.61,6.99787,6.73523,13.6996,-0.813748
18,2,40,12.23,3.74779,3.58875,10.4343,1.76041
18,3,48.5,10.89,16.4407,16.3801,11.4648,-0.512928
18,3,49,15.96,24.6047,24.4034,15.4495,0.338123
18,3,49.75,19.5,29.3846,28.9516,19.3842,0.0611462
18,3,50,21.66,29.8178,29.3224,20.282,0.69527
18,3,52,23.9,25.7957,25.1116,23.0099,0.395904
18,3,55,22.68,16.6746,16.1347,20.9202,0.86084
18,3,57,17.29,12.2301,11.8076,18.6297,-0.735861
18,3,58,18.01,10.4654,10.0938,17.4838,0.307987
18,3,60,16.41,7.66001,7.37391,15.3212,0.727141
18,3,64,9.37,4.10241,3.9344,11.6737,-2.01889
19,1,1.5,43.46,32.4126,31.9271,40.9126,0.637314
19,1,4,25.17,29.5895,28.8802,29.8294,-1.5987
19,1,5,25.21,25.8323,25.1513,22.817,1.0733
19,1,6,16.97,22.2905,21.6569,16.9929,-0.0138001
19,1,12,2.66,8.7928,8.45146,2.43088,0.961625
19,1,16,0.6,4.70908,4.49512,0.641333,-0.651341
19,1,20,0.18,2.52169,2.39054,0.169147,0.62601
19,2,25.5,28.11,25.2839,24.8881,30.816,-0.898754
19,2,28,22.85,22.8296,22.2191,22.0574,0.367747
19,2,29,17.77,19.9187,19.3356,16.776,0.606287
19,2,30,11.98,17.1834,16.6462,12.4303,-0.370622
19,2,36,1.69,6.77701,6.50641,1.73635,-0.271985
19,2,40,0.46,3.62951,3.46532,0.451949,0.179079
19,2,44,0.11,1.94369,1.84557,0.11738,-0.60095
20,1,0.25,9.07,9.63563,9.55439,9.23447,-0.182169
20,1,0.75,18.55,22.0042,21.7474,19.49,-0.493571
20,1,1,24.14,25.7375,25.3991,22.091,0.949201
20,1,1.25,27.17,28.3235,27.9119,23.6751,1.51076
20,1,1.75,19.91,31.047,30.5175,24.956,-2.06934
20,1,4,21.68,27.4089,26.7198,21.5437,0.0647359
20,1,5,21.64,23.9286,23.2672,19.4043,1.17903
20,1,6,16.06,20.6479,20.0323,17.4324,-0.80562
20,1,12,9.98,8.14484,7.8123,9.11767,0.967368
20,1,16,5.48,4.36205,4.15335,5.91754,-0.755904
20,1,18,5.01,3.19216,3.0283,4.76727,0.520353
20,1,20,4.25,2.33585,2.20782,3.84059,1.08898
20,2,24.25,7.52,6.89687,6.80038,7.89255,-0.482739
20,2,24.75,14.69,14.1127,13.9324,13.8199,0.644157
20,2,25,15.17,16.2751,16.0453,15.2885,-0.0793032
20,2,25.25,17.98,17.7603,17.4827,16.1575,1.1542
20,2,25.75,14.04,19.2907,18.9309,16.7863,-1.6741
20,2,28,14.21,16.8606,16.3829,14.3034,-0.0668148
20,2,29,11.75,14.7083,14.253,12.8736,-0.892989
20,2,30,10.65,12.6877,12.2685,11.5611,-0.806204
20,2,36,6.77,5.00367,4.79194,6.03771,1.23997
20,2,40,3.63,2.67977,2.55108,3.9148,-0.743208
20,2,42,2.74,1.96108,1.86133,3.15231,-1.33551
20,2,44,2.62,1.43514,1.35808,2.53833,0.328326
21,1,0.75,14.14,12.752,12.5936,12.5841,1.26494
21,1,1.5,13.56,17.3958,17.1053,14.8053,-0.860613
21,1,2,15.3,18.28,17.9304,14.346,0.680415
21,1,10,2.53,6.44786,6.19584,2.56683,-0.146407
21,1,12,1.89,4.71946,4.51732,1.63361,1.59865
21,1,14,0.96,3.45387,3.29309,1.03898,-0.77205
21,1,22,0.16,0.989968,0.929345,0.170239,-0.586994
21,2,24.75,12.32,14.1452,13.9787,13.319,-0.767388
21,2,25.5,14.46,18.9911,18.6694,15.6781,-0.794991
21,2,26,14.06,19.8845,19.4852,15.2049,-0.770438
21,2,34,2.43,6.97862,6.69516,2.74546,-1.17278
21,2,36,1.7,5.10792,4.88462,1.75078,-0.295543
21,2,38,1.27,3.73813,3.56326,1.11647,1.3974
21,2,46,0.18,1.07211,1.00894,0.184633,-0.245779
22,1,0.25,4.06,8.65016,8.56564,4.05658,0.00861013
22,1,0.75,9.96,19.7537,19.4937,10.1163,-0.158074
22,1,1.25,12.85,25.4269,25.0156,14.0976,-0.905469
22,1,1.5,18.06,26.9535,26.4806,15.4775,1.70731
22,1,2,16.7,28.3263,27.7583,17.2659,-0.335407
22,1,3,17.87,27.3964,26.7336,18.6401,-0.422765
22,1,4,17.32,24.606,23.9299,18.0279,-0.401813
22,1,5,14.96,21.4816,20.8328,16.9331,-1.19236
22,1,7,12.93,15.9161,15.3626,13.4095,-0.365846
22,1,12,8.31,7.31191,6.98409,7.00585,1.9035
22,1,16,5.23,3.91597,3.70979,4.10927,2.78649
22,1,18,2.89,2.86572,2.70371,3.14428,-0.825739
22,2,24.25,3.73,6.77403,6.67079,4.07412,-0.862952
22,2,24.75,9.06,13.9992,13.8002,8.01052,1.33988
22,2,25.25,10.58,17.6553,17.3509,10.5374,0.0413236
22,2,25.5,11.8,18.6239,18.2728,11.4054,0.353912
22,2,26,13.5,19.4592,19.033,12.5479,0.77633
22,2,27,12.34,18.7291,18.2248,13.2382,-0.69417
22,2,28,13.43,16.7922,16.2771,12.7655,0.532558
22,2,29,12.42,14.6498,14.1588,11.7861,0.550257
22,2,31,8.77,10.8499,10.4397,9.46665,-0.752731
22,2,36,4.99,4.98405,4.75314,4.95191,0.078617
22,2,40,2.69,2.66927,2.52821,2.89504,-0.722983
22,2,42,2.15,1.95339,1.84384,2.21191,-0.285492
22,3,48.25,5.03,10.0436,9.99577,5.35513,-0.620597
22,3,48.75,9.9,21.9322,21.7469,11.8364,-1.67367
22,3,49.25,16.41,27.9796,27.5997,16.0285,0.243546
22,3,49.5,19.49,29.5968,29.1247,17.4805,1.17636
22,3,50,20.32,31.0251,30.399,19.4176,0.475562
22,3,51,20.53,29.9448,29.1458,20.6859,-0.0771423
22,3,52,18.01,26.8754,26.039,20.0431,-1.03804
22,3,53,18.11,23.4564,22.654,18.5572,-0.246575
22,3,55,16.92,17.3765,16.7113,14.9517,1.34697
22,3,60,7,7.98261,7.62084,7.84995,-1.1073
22,3,64,4.79,4.27518,4.05908,4.59918,0.42399
22,3,66,3.3,3.12861,2.96233,3.51759,-0.631776
23,1,0.25,12.03,6.67919,6.60946,12.593,-0.45742
23,1,0.5,20.58,11.6336,11.4913,19.8169,0.394085
23,1,2,20.4,21.8643,21.4057,21.9169,-0.708288
23,1,10,1.09,7.71213,7.38297,1.03465,0.543267
23,1,14,0.22,4.13107,3.92059,0.215479,0.206815
23,1,16,0.09,3.02316,2.85675,0.0983016,-0.796978
23,1,22,0.01,1.18484,1.10519,0.00926465,0.427704
23,2,24.25,13.89,8.60827,8.50452,14.6653,-0.540941
23,2,24.5,24.74,14.3415,14.1723,23.0713,0.74018
23,2,26,28.28,26.0817,25.5097,25.527,1.10374
23,2,34,1.09,9.15758,8.75265,1.2241,-1.11394
23,2,38,0.31,4.90531,4.65421,0.256449,2.0705
23,2,40,0.11,3.58976,3.39362,0.117381,-0.601092
23,2,46,0.01,1.40627,1.31556,0.0112521,-0.654378
23,3,48.25,16.25,9.2019,9.12902,15.6931,0.363139
23,3,48.5,25.71,15.254,15.1299,24.6033,0.460338
23,3,50,23.68,27.6337,27.0365,26.8766,-1.21726
23,3,58,1.2,9.69722,9.26311,1.2838,-0.663943
23,3,62,0.27,5.19437,4.9323,0.269234,0.0282625
23,3,64,0.14,3.8013,3.59884,0.123289,1.29972
23,3,70,0.01,1.48977,1.39797,0.0118356,-0.931558
24,1,0.75,14.93,23.0044,22.6672,17.6206,-1.56252
24,1,1.25,24.86,29.611,29.0835,24.8164,0.0179627
24,1,5,35.1,25.0165,24.197,32.3993,0.853146
24,1,7,27.96,18.5351,17.8354,27.2951,0.249301
24,1,8,24.33,15.8814,15.2454,24.6518,-0.13361
24,1,9,20.28,13.5952,13.0205,22.1481,-0.863194
24,1,11,19.85,9.95331,9.48894,17.7296,1.2238
24,1,18,7.19,3.33728,3.13133,7.94531,-0.972209
24,1,22,4.94,1.78706,1.66155,5.00934,-0.141474
24,2,24.75,15.61,14.1632,13.9256,13.7758,1.36227
24,2,25.25,16.04,17.8071,17.4572,17.667,-0.94235
24,2,29,24.06,14.7344,14.1964,20.5727,1.7347
24,2,31,17.38,10.9118,10.4621,17.1752,0.122002
24,2,32,15.05,9.34894,8.9448,15.4763,-0.281854
24,2,33,12.37,8.00294,7.64154,13.8832,-1.11521
24,2,35,11.46,5.85901,5.57252,11.0943,0.337245
24,2,42,5.4,1.9645,1.84333,4.96302,0.899892
24,2,46,3,1.05205,0.979586,3.12764,-0.416703
25,1,0.25,7.94,5.91272,5.84308,8.4881,-0.660423
25,1,0.5,12.25,10.2985,10.158,14.0461,-1.30831
25,1,1,20.58,15.7919,15.5223,19.6885,0.463354
25,1,3,19.81,18.7203,18.2085,18.6659,0.627216
25,1,6,9.26,12.6676,12.2023,10.9829,-1.60482
25,1,10,5.57,6.82713,6.51127,5.24976,0.623523
25,1,11,3.98,5.84108,5.55751,4.36449,-0.900171
25,1,12,3.8,4.99707,4.74313,3.6285,0.482781
25,1,16,1.74,2.67624,2.51614,1.73338,0.038936
25,1,18,1.2,1.95847,1.83255,1.19806,0.0164447
25,2,24.25,13.63,10.2642,10.1405,14.3222,-0.494523
25,2,24.5,26.84,17.3003,17.0849,23.3513,1.52898
25,2,25,35.37,26.0963,25.6746,32.3639,0.950682
25,2,27,31.58,30.6392,29.7475,30.2738,0.441608
25,2,30,16.11,20.7079,19.8973,17.7901,-0.966375
25,2,34,8.8,11.1593,10.628,8.51684,0.340042
25,2,35,6.64,9.54752,9.07423,7.08361,-0.640384
25,2,36,7.14,8.16794,7.74714,5.89157,2.16631
25,2,40,2.66,4.37444,4.11533,2.81924,-0.576566
25,2,42,1.87,3.20125,2.99937,1.95022,-0.419312
26,1,0.5,11.12,9.53568,9.39884,13.0017,-1.48075
26,1,0.75,15.28,12.5019,12.3,16.0811,-0.509753
26,1,1,19.8,14.6221,14.3611,17.8696,1.10545
26,1,1.5,21.62,17.0547,16.697,19.1858,1.29832
26,1,3,18.28,17.3336,16.8416,17.1188,0.694088
26,1,5,11.71,13.5926,13.1128,12.9589,-0.986011
26,1,7,8.82,10.0714,9.66129,9.70543,-0.933185
26,1,10,5.84,6.32143,6.01766,6.2852,-0.724205
26,2,24.5,18.31,12.8618,12.6817,17.5741,0.428512
26,2,24.75,24.32,16.6328,16.3742,21.4724,1.35719
26,2,25,23.65,19.3221,18.9851,23.7012,-0.0221242
26,2,25.5,23.89,22.3906,21.9146,25.2656,-0.557213
26,2,27,22.17,22.6306,21.9421,22.4106,-0.109849
26,2,29,15.94,17.7227,17.049,16.9736,-0.623097
26,2,31,14.39,13.1285,12.5617,12.734,1.33047
26,2,34,8.55,8.2398,7.83089,8.26896,0.347602
26,3,48.5,27.85,18.973,18.7928,25.9423,0.752607
26,3,48.75,28.94,24.5753,24.2823,31.717,-0.89614
26,3,49,33.58,28.5716,28.1549,35.0164,-0.419864
26,3,49.5,37.3,33.1347,32.4826,37.3301,-0.00826066
26,3,51,29.79,33.512,32.4701,33.1144,-1.02751
26,3,53,29.99,26.2484,25.212,25.0925,1.9975
26,3,55,18.26,19.4445,18.5813,18.8358,-0.312806
26,3,58,12.44,12.204,11.5939,12.2418,0.165658
27,1,1,23.26,27.4924,26.9801,22.548,0.323161
27,1,7,21.34,18.9381,18.1388,20.2358,0.55841
27,1,8,18.6,16.2266,15.4997,17.6533,0.548754
27,1,9,16.29,13.8908,13.2332,15.3597,0.619755
27,1,18,3.93,3.40985,3.17307,4.28812,-0.853332
27,2,25,14.29,18.1027,17.73,15.4735,-0.782624
27,2,31,12.61,12.1298,11.5749,13.1337,-0.407943
27,2,32,11.24,10.3926,9.89293,11.4586,-0.195185
27,2,33,9.38,8.89637,8.44876,9.97263,-0.60787
27,2,42,2.99,2.18382,2.03204,2.796,0.70821
28,1,0.25,22.42,9.19765,9.0709,22.0848,0.155347
28,1,0.5,35.13,16.0204,15.7679,33.736,0.422926
28,1,1.5,46.17,28.6594,28.0096,41.5614,1.135
28,1,6,15.66,19.7094,18.9039,18.1491,-1.40342
28,1,12,5.29,7.77465,7.33329,5.62747,-0.613031
28,1,18,1.58,3.04708,2.8277,1.74499,-0.963389
28,1,22,0.89,1.63166,1.49779,0.799429,1.14791
29,1,0.25,3.4,5.80323,5.71939,3.99649,-1.52482
29,1,0.75,10.61,13.252,13.0084,9.21772,1.54494
29,1,1.5,14.77,18.0779,17.6525,12.8307,1.54641
29,1,3,13.68,18.3736,17.7945,13.7921,-0.0831317
29,1,4,13.61,16.5031,15.9153,12.966,0.508188
29,1,10,6.3,6.70071,6.34287,7.22497,-1.30916
29,1,12,5.61,4.90453,4.6164,5.89544,-0.494986
29,1,16,4.16,2.62668,2.44461,3.92473,0.612405
29,1,18,3.33,1.9222,1.77889,3.20222,0.407447
29,2,24.25,5.09,7.62263,7.49014,6.46549,-2.1752
29,2,24.75,13.97,16.4206,16.1203,12.596,1.11597
29,2,25.5,17.59,22.0832,21.55,16.7515,0.512198
29,2,27,16.75,22.3106,21.5566,17.6418,-0.517265
29,2,28,15.24,20.0189,19.2502,16.5254,-0.795942
29,2,34,10.06,8.12232,7.67418,9.19039,0.967825
29,2,36,6.13,5.94504,5.58909,7.5009,-1.86901
29,2,40,4.74,3.18394,2.96375,4.99591,-0.523547
29,2,42,3.93,2.33003,2.15817,4.07721,-0.368879
29,3,48.25,9.96,11.7185,11.591,9.65806,0.319779
29,3,48.75,18.79,25.5636,25.1984,19.3091,-0.275089
29,3,49.5,23.84,34.4886,33.7184,25.8589,-0.799029
29,3,51,29.43,34.8903,33.6938,27.3186,0.790998
29,3,52,24.66,31.3135,30.0762,25.6155,-0.381776
29,3,58,13.63,12.7069,12.003,14.3283,-0.498626
29,3,60,12.42,9.3007,8.74767,11.7175,0.613328
29,3,64,8.61,4.9811,4.64502,7.83545,1.01093
29,3,66,7.12,3.64521,3.38477,6.40731,1.13726
30,1,0.5,3.08,10.1078,9.93423,3.11409,-0.111769
30,1,0.75,4.42,13.252,12.9986,4.35622,0.149615
30,1,1.5,6.85,18.0779,17.6372,7.11205,-0.376779
30,1,1.75,8.18,18.693,18.208,7.77102,0.538226
30,1,4,10.99,16.5031,15.8961,10.3066,0.678278
30,1,5,9.68,14.4082,13.8264,10.3665,-0.677444
30,1,6,10.28,12.4331,11.8908,10.1464,0.134726
30,1,7,9.69,10.6757,10.1778,9.77484,-0.0887784
30,1,8,10.18,9.1473,8.69413,9.32768,0.934636
30,1,9,8.83,7.83055,7.4204,8.84913,-0.0221159
30,1,11,7.72,5.73291,5.40064,7.8889,-0.21895
30,1,20,4.41,1.40664,1.29056,4.5266,-0.263219
30,2,24.5,6.6,15.3802,15.1209,7.91173,-1.69557
30,2,24.75,9.88,19.9209,19.5513,9.6569,0.236314
30,2,25.5,14.22,26.8583,26.1949,13.4918,0.552192
30,2,25.75,12.82,27.7292,26.9908,14.3965,-1.12045
30,2,28,14.38,24.3779,23.4183,17.6639,-1.90237
30,2,29,18.85,21.276,20.3586,17.5895,0.733287
30,2,30,19.68,18.3567,17.5071,17.1193,1.53061
30,2,31,14.34,15.7611,14.9871,16.4391,-1.30656
30,2,32,15.61,13.5042,12.8055,15.6578,-0.0312073
30,2,33,13.21,11.5602,10.9326,14.839,-1.12323
30,2,35,15.1,8.46339,7.96208,13.2187,1.45612
30,2,44,7.19,2.07668,1.90866,7.59921,-0.550689
30,3,48.5,10.51,13.2333,13.0277,9.54273,1.03681
30,3,48.75,9.76,16.9897,16.6964,10.9639,-1.12327
30,3,49.5,13.46,22.7081,22.151,14.0409,-0.423327
30,3,49.75,16.75,23.4174,22.7884,14.7509,1.38669
30,3,52,18.51,20.5226,19.6705,17.0704,0.862927
30,3,53,14.29,17.9067,17.0934,16.847,-1.55306
30,3,54,17.28,15.4481,14.6988,16.3079,0.609952
30,3,55,16.15,13.2631,12.585,15.6069,0.356076
30,3,56,15.82,11.3638,10.7557,14.8332,0.680669
30,3,57,15.23,9.72776,9.18544,14.0383,0.868555
30,3,59,10.76,7.1218,6.69402,12.4876,-1.41542
30,3,68,7.74,1.74749,1.60963,7.17442,0.806133
31,1,0.25,8.19,6.78869,6.68157,8.61209,-0.50128
31,1,0.5,15.15,11.8243,11.6129,14.2786,0.624411
31,1,1.25,20.59,19.951,19.4812,21.0679,-0.232135
31,1,1.5,21,21.1478,20.6141,21.4469,-0.213257
31,1,1.75,22.74,21.8673,21.2806,21.3397,0.67155
31,1,3,15.49,21.4937,20.7713,17.733,-1.29435
31,1,6,9.23,14.5443,13.89,8.77834,0.52625
31,1,9,3.75,9.16026,8.6651,4.18757,-1.06764
31,1,16,0.66,3.07272,2.84523,0.741912,-1.11774
31,1,20,0.3,1.64557,1.50532,0.275817,0.871279
32,1,1,11.07,17.5486,17.1531,10.9007,0.158911
32,1,2,13.54,21.5149,20.8857,13.4768,0.0479661
32,1,3,12.12,20.8087,20.0878,13.0615,-0.737464
32,1,4,10.49,18.6892,17.9586,11.6981,-1.05649
32,1,7,7.65,12.0887,11.4893,7.38901,0.361203
32,1,11,3.67,6.49156,6.09104,3.80379,-0.359299
32,1,12,3.47,5.55356,5.19448,3.21892,0.796483
32,1,20,0.95,1.59284,1.45275,0.846072,1.24528
32,1,22,0.51,1.16564,1.05647,0.60618,-1.60234
33,1,0.75,16.99,21.004,20.5555,18.6363,-0.903952
33,1,1,23.79,24.5677,23.9949,21.7596,0.954895
33,1,3,21.08,29.1305,28.091,25.3331,-1.71822
33,1,5,20.83,22.8413,21.8323,19.4081,0.749705
33,1,8,12.05,14.5005,13.7137,11.8599,0.163942
33,1,9,10.1,12.4131,11.7007,10.0217,0.0799037
33,1,18,2.2,3.04711,2.78895,2.18742,0.058662
33,1,20,1.4,2.22976,2.02758,1.55935,-1.04062
33,1,22,1.2,1.63169,1.47404,1.11166,0.807497
34,1,0.5,5.33,12.206,11.962,5.15293,0.351228
34,1,0.75,7.25,16.003,15.6494,7.19776,0.0742195
34,1,1.5,10,21.8362,21.2299,11.6603,-1.45669
34,1,1.75,14.18,22.5807,21.9152,12.6937,1.19793
34,1,3,14.83,22.1954,21.3803,15.5058,-0.445965
34,1,5,15.12,17.4034,16.6126,15.3999,-0.185969
34,1,8,11.76,11.0482,10.4314,11.9436,-0.157275
34,1,10,8.27,8.09316,7.58928,9.50035,-1.32467
34,1,16,4.9,3.17251,2.91532,4.39262,1.18028
34,1,20,2.36,1.69901,1.54037,2.57203,-0.841231
34,2,24.5,6.62,13.809,13.5111,6.90232,-0.418245
34,2,24.75,9.25,17.81,17.4018,9.03688,0.241218
34,2,25.5,15.3,23.9125,23.2194,13.6567,1.23114
34,2,25.75,11.95,24.6742,23.9099,14.7141,-1.9221
34,2,27,16.32,24.142,23.19,17.5077,-0.694173
34,2,29,16.83,18.9014,17.9801,17.1381,-0.18394
34,2,32,14.46,11.996,11.2933,13.2023,0.974662
34,2,34,11.47,8.78731,8.22145,10.4893,0.956414
34,2,40,5.62,3.44461,3.16464,4.85698,1.60556
34,2,44,2.46,1.84438,1.67375,2.85089,-1.39962
35,1,0.5,13.94,16.2111,15.8757,13.1222,0.637647
35,1,1,19.78,24.8601,24.2419,20.1369,-0.18137
35,1,1.5,22.47,29.0007,28.1707,23.7025,-0.532171
35,1,2,20.52,30.4776,29.5025,25.3263,-1.9422
35,1,4,26.82,26.4748,25.3482,24.8261,0.821974
35,1,7,21.35,17.1249,16.2003,20.6712,0.336054
35,1,12,9.45,7.86724,7.31227,14.907,-3.7456
35,1,16,9.68,4.21338,3.86196,11.4715,-1.59762
35,1,22,7.11,1.6511,1.48203,7.74391,-0.837149
35,2,24.5,14.27,11.606,11.3068,15.0664,-0.540868
35,2,25,20.26,17.116,16.6403,19.3939,0.457012
35,2,25.5,21.45,19.7145,19.0934,21.499,-0.0233153
35,2,26,18.83,20.5968,19.8712,22.3555,-1.61391
35,2,28,23.71,17.7719,16.9392,21.3183,1.14812
35,2,31,21.46,11.4827,10.8161,17.7162,2.16239
35,2,36,13.89,5.27473,4.88939,12.8024,0.869164
35,2,40,9.82,2.82494,2.58588,9.8692,-0.0509989
35,2,46,6.85,1.10712,0.99452,6.68014,0.26
35,3,48.5,15.44,10.8564,10.6469,13.9581,1.08625
35,3,49,18.46,16.1907,15.8073,18.1583,0.170019
35,3,49.5,19.46,18.7176,18.1761,20.1859,-0.367981
35,3,50,24.57,19.5886,18.9275,21.0041,1.73736
35,3,52,20.48,16.9359,16.133,20.0162,0.2371
35,3,55,16.26,10.9464,10.3051,16.6271,-0.22594
35,3,60,12.39,5.02852,4.66588,12.016,0.318461
35,3,64,10.03,2.69308,2.47107,9.26364,0.846176
35,3,70,5.61,1.05543,0.952357,6.2709,-1.07753
36,1,0.25,7.1,10.8401,10.633,7.41693,-0.43697
36,1,1.5,29.06,33.7768,32.7815,27.6606,0.517786
36,1,3,35.45,34.3312,32.9991,33.5049,0.594204
36,1,4,34.85,30.8346,29.487,33.2053,0.506942
36,1,8,26.19,17.0895,16.0819,25.4028,0.317144
36,1,12,16.59,9.16286,8.49859,18.1994,-0.904938
36,2,24.25,13.92,11.6463,11.3461,13.5361,0.290209
36,2,25.5,30.38,33.1738,32.141,32.149,-0.56317
36,2,27,38.16,33.4665,32.0661,36.9469,0.336069
36,2,28,35.25,30.0214,28.6048,36.218,-0.273551
36,2,32,24.15,16.6257,15.595,27.4497,-1.23027
36,2,36,23,8.91396,8.25197,19.6761,1.72871
37,1,0.25,3.79,6.02222,5.9032,3.55437,0.677087
37,1,0.5,6.4,10.4893,10.2575,6.45413,-0.0857542
37,1,1,11,16.0843,15.6593,10.6848,0.301821
37,1,1.25,10.97,17.6984,17.1953,12.1757,-1.01306
37,1,1.75,16.88,19.3984,18.7752,14.2216,1.91254
37,1,7,11.93,11.0785,10.4479,11.2168,0.650418
37,1,9,7.96,8.12604,7.60549,8.62518,-0.788774
37,2,24.25,5.71,7.86932,7.67565,5.23542,0.926551
37,2,24.5,7.65,13.1185,12.8096,8.63931,-1.17121
37,2,25,13.6,19.6755,19.1421,13.5788,0.0159533
37,2,25.25,14.91,21.5577,20.9259,15.308,-0.266055
37,2,25.75,19.61,23.5189,22.7294,17.6585,1.13087
37,2,31,13.85,13.3538,12.5539,13.6264,0.167869
37,2,33,9.66,9.79445,9.14341,10.4738,-0.794778
37,3,48.25,5.39,7.25708,7.0903,4.95941,0.887383
37,3,48.5,7.63,11.932,11.6769,7.95369,-0.416206
37,3,49,10.45,17.7657,17.31,12.3054,-1.54259
37,3,49.25,11.75,19.4373,18.8868,13.8314,-1.5397
37,3,49.75,15.36,21.1721,20.4635,15.9092,-0.353205
37,3,55,11.7,11.9977,11.2575,12.3048,-0.502842
37,3,57,10.94,8.79968,8.20383,9.47628,1.57994
38,1,0.5,11.23,15.2575,14.9097,11.5582,-0.290463
38,1,1,16.37,23.3978,22.7614,17.5561,-0.69136
38,1,1.25,21.05,25.7488,24.9962,19.2144,0.977592
38,1,2,22.23,28.6851,27.6887,21.0114,0.593503
38,1,6,10.17,18.7711,17.7472,11.9994,-1.55971
38,1,9,6.29,11.822,11.0452,6.71992,-0.654161
38,1,10,5.69,10.1162,9.41519,5.52643,0.302555
38,1,14,2.5,5.41884,4.96681,2.52355,-0.0952349
38,1,18,1.1,2.90201,2.61964,1.15299,-0.467104
38,2,24.5,13.2,19.7403,19.2627,14.4745,-0.9009
38,2,25,22.19,29.6291,28.8039,21.7874,0.189105
38,2,25.25,26.41,32.4683,31.4913,23.8045,1.12016
38,2,26,22.38,35.9565,34.6454,25.9747,-1.41637
38,2,30,15.35,23.4332,22.0808,14.8828,0.321185
38,2,33,8.98,14.7568,13.7517,8.37872,0.733959
38,2,34,6.88,12.6276,11.7261,6.9034,-0.0346595
38,2,38,3.6,6.76402,6.19435,3.17683,1.36013
38,2,42,1.44,3.62244,3.27163,1.46144,-0.149334
39,1,1,38.26,27.4924,26.7233,37.0351,0.338517
39,1,1.25,39.46,30.2548,29.3459,39.1319,0.0858119
39,1,1.75,40.61,33.1641,32.0408,39.5832,0.265503
39,1,2,32.57,33.7046,32.5031,38.6606,-1.61249
39,1,4,24.43,29.2779,27.8974,24.631,-0.0835227
39,1,5,20.65,25.5603,24.2381,18.4776,1.2031
39,1,10,4.15,11.8865,11.0419,4.06421,0.215669
39,1,12,2.09,8.70022,8.01866,2.20529,-0.533201
39,1,16,0.51,4.65949,4.22754,0.650264,-2.18034
39,1,18,0.35,3.40985,3.06953,0.353882,-0.109714
39,1,22,0.12,1.82622,1.618,0.104831,1.37224
40,1,0.5,12.63,16.0204,15.7623,12.529,0.0825015
40,1,0.75,12.61,21.004,20.7101,16.1581,-2.24691
40,1,1.25,23.11,27.0362,26.7984,20.1398,1.50924
40,1,1.5,22.26,28.6595,28.4986,21.0183,0.604557
40,1,1.75,20.01,29.6362,29.5744,21.404,-0.666501
40,1,5,11,22.8412,24.4045,13.7722,-2.05949
40,1,7,8.21,16.9234,19.0369,9.20514,-1.10576
40,1,10,5.16,10.622,12.9429,4.96141,0.4091
40,1,11,4.98,9.08784,11.3746,4.03533,2.39171
40,1,12,3.4,7.77469,9.99578,3.28176,0.367929
40,1,16,1.48,4.16382,5.96056,1.4367,0.306759
40,2,24.5,9.5,13.6906,14.4176,10.2071,-0.70864
40,2,24.75,12.12,17.5626,18.2436,13.0568,-0.734053
40,2,25.25,16.74,22.2185,22.8945,16.1416,0.379329
40,2,25.5,16.96,23.4551,24.163,16.8014,0.0965697
40,2,25.75,18.76,24.1851,24.9425,17.0726,1.01139
40,2,29,10.22,18.488,20.2498,10.8262,-0.572817
40,2,31,7.68,13.6934,15.7901,7.19763,0.685307
40,2,34,3.29,8.59415,10.7422,3.85186,-1.49012
40,2,35,3.23,7.35284,9.44305,3.12559,0.341082
40,2,36,2.18,6.29038,8.30067,2.53613,-1.4329
40,2,40,1.07,3.36889,4.95531,1.09922,-0.270101
40,3,48.5,14.64,19.2006,19.8144,14.8139,-0.1201
40,3,48.75,19.72,24.8607,25.4237,18.9729,0.402958
40,3,49.25,28.24,31.684,32.2434,23.4381,2.09672
40,3,49.5,22.3,33.5073,34.1087,24.3783,-0.872494
40,3,49.75,27.16,34.5922,35.2606,24.7535,0.994942
40,3,53,15.72,26.5385,28.7172,15.6623,0.0377079
40,3,55,10.3,19.6593,22.4018,10.4413,-0.138436
40,3,58,5.31,12.3388,15.252,5.61733,-0.559289
40,3,59,3.83,10.5567,13.4112,4.56654,-1.64823
40,3,60,4.03,9.03126,11.792,3.71217,0.874582
40,3,64,1.78,4.8368,7.0474,1.62087,0.999933
41,1,1.25,28.63,28.0019,27.7365,27.0616,0.593163
41,1,1.75,28.31,30.6948,30.6094,28.7951,-0.172421
41,1,3,29.12,30.171,30.7613,28.3422,0.280866
41,1,7,20.23,17.5279,19.6908,21.8167,-0.744277
41,1,8,21.05,15.0184,17.3227,20.3685,0.342383
41,1,10,15.72,11.0014,13.3838,17.7533,-1.17197
41,1,14,15.09,5.89299,7.97899,13.4868,1.2162
41,1,16,9.18,4.31255,6.16031,11.755,-2.24106
41,1,18,11.58,3.15594,4.75618,10.2457,1.33222
42,1,0.25,12.66,9.96412,9.77326,12.7009,-0.0329615
42,1,1.75,35.87,32.1053,31.9822,38.2587,-0.639057
42,1,6,25.76,21.3517,23.3375,25.2826,0.193243
42,1,8,20.75,15.7086,18.09,19.1009,0.883484
42,1,9,17.54,13.4473,15.9017,16.5886,0.586845
42,1,11,11.71,9.84505,12.2786,12.5081,-0.652806
42,1,16,6.24,4.51075,6.42858,6.17366,0.109867
42,1,18,4.53,3.301,4.96239,4.65458,-0.273521
42,2,24.25,13.59,9.56602,10.4089,12.7499,0.674118
42,2,25.75,35.96,27.7876,28.5481,33.6836,0.691719
42,2,30,22.76,18.334,20.5049,21.878,0.412553
42,2,32,17.04,13.4867,15.8968,16.5244,0.319277
42,2,33,13.44,11.5451,13.977,14.3512,-0.64967
42,2,35,9.04,8.4523,10.798,10.8222,-1.68463
42,2,40,4.91,3.87263,5.66129,5.34321,-0.828753
42,2,42,4.31,2.83402,4.37255,4.02899,0.712562
42,3,48.25,14.49,11.2507,12.0357,14.8298,-0.234436
42,3,49.75,39.27,33.6434,34.342,40.5096,-0.313211
42,3,54,27.7,22.2496,24.694,26.5224,0.454399
42,3,56,20.07,16.3678,19.1527,20.0877,-0.0090135
42,3,57,16.55,14.0114,16.844,17.4699,-0.538805
42,3,59,15.68,10.258,13.02,13.2101,1.91295
42,3,64,6.26,4.69995,6.83577,6.56702,-0.47803
42,3,66,5.07,3.43946,5.28262,4.96537,0.215358
43,1,0.25,3.95,5.69373,5.58093,3.73565,0.586116
43,1,0.5,6.57,9.91712,9.73674,6.62523,-0.0852405
43,1,0.75,7.39,13.002,12.7917,8.83509,-1.67292
43,1,1.25,12.86,16.7331,16.5487,11.7277,0.987691
43,1,3,13.44,18.027,18.3447,13.6811,-0.180322
43,1,5,10.69,14.1363,15.0516,11.3103,-0.561034
43,1,7,8.63,10.4743,11.7346,8.66366,-0.0397361
43,1,10,6.39,6.57428,7.97169,5.64868,1.3416
43,1,11,4.16,5.62474,7.00385,4.88982,-1.5254
44,1,0.25,10.03,9.08815,8.90206,9.21138,0.909007
44,1,1,22.93,24.2751,23.9194,23.4699,-0.235425
44,1,2,21.47,29.7603,29.7045,26.9129,-2.06984
44,1,8,9.39,14.3278,16.4498,8.30025,1.34277
44,1,12,2.97,7.6821,9.80306,3.27344,-0.946587
44,1,14,2.34,5.622,7.56468,2.05558,1.4108
44,1,20,0.51,2.20318,3.4756,0.508604,0.027651
44,1,22,0.29,1.61224,2.6818,0.318853,-0.902815
45,1,0.25,9.73,10.0736,9.86071,10.3193,-0.584139
45,1,0.75,25.29,23.0044,22.5977,23.112,0.964414
45,1,1.25,24.83,29.6109,29.2305,29.449,-1.60529
45,1,2,38.64,32.9869,32.8953,32.8304,1.81117
45,1,4,31.97,28.6546,29.7181,30.531,0.482393
45,1,5,27.01,25.0162,26.5639,28.1419,-0.411649
45,1,6,22.39,21.5863,23.4999,25.7913,-1.3497
45,1,7,24.15,18.5349,20.7021,23.5918,0.242134
45,1,18,7.95,3.33727,4.98075,8.75979,-0.945517
45,1,20,8.17,2.44225,3.84271,7.31517,1.19499
46,1,0.25,7.15,9.63563,9.42563,8.09202,-1.19057
46,1,0.5,15.17,16.7833,16.4425,14.3209,0.606681
46,1,0.75,19.56,22.0042,21.5989,19.0413,0.278737
46,1,2,27.62,31.5529,31.4362,28.4989,-0.315646
46,1,3,31.33,30.5171,30.9487,27.7198,1.33295
46,1,4,23.25,27.4089,28.3937,24.5426,-0.539021
46,1,5,18.45,23.9286,25.3775,20.8139,-1.16228
46,1,8,13.76,15.1908,17.388,11.5451,1.96265
46,1,9,8.19,13.004,15.2791,9.37681,-1.29462
46,1,10,7.61,11.1277,13.4221,7.60093,0.0122064
46,1,11,5.81,9.52051,11.7893,6.15465,-0.572521
46,1,14,3.39,5.96065,7.98749,3.25859,0.411795
46,1,16,2,4.36205,6.16136,2.13083,-0.626116
46,1,18,1.41,3.19216,4.75271,1.39282,0.125544
46,1,20,0.95,2.33585,3.66611,0.910988,0.434445
47,1,0.25,13.04,7.77415,7.59963,11.1729,1.70954
47,1,0.5,17.89,13.5407,13.2566,19.0818,-0.639138
47,1,1,27.9,20.7635,20.413,28.2066,-0.111244
47,1,1.5,32.02,24.2176,23.9446,31.8196,0.0644756
47,1,8,12.66,12.2539,14.0077,12.0657,0.50395
47,1,9,9.37,10.49,12.3077,9.95469,-0.600808
47,1,10,9.37,8.9764,10.8108,8.21133,1.44313
47,1,12,5.68,6.57021,8.3387,5.58599,0.172046
47,1,14,3.45,4.80829,6.43123,3.79976,-0.940294
47,1,22,0.7,1.37906,2.27523,0.812258,-1.40052
47,2,24.25,12.5,10.0589,10.6242,13.5519,-0.794155
47,2,24.5,27.07,16.7613,17.2013,22.7469,1.94496
47,2,25,30.21,25.1334,25.4605,33.342,-0.961432
47,2,25.5,34.8,29.1072,29.4692,37.5192,-0.741822
47,2,32,14.46,14.6132,16.9724,14.4036,0.0400868
47,2,33,13.46,12.5094,14.9161,11.9163,1.32534
47,2,34,8.91,10.7044,13.1054,9.85652,-0.982292
47,2,36,7,7.83498,10.1141,6.74232,0.390789
47,2,38,4.49,5.73388,7.80486,4.61179,-0.269862
47,2,46,1.11,1.64451,2.76702,1.00945,1.01141
47,3,48.25,11.8,8.93175,9.73915,11.8018,-0.00152244
47,3,48.5,20.29,14.6527,15.3625,19.6487,0.334011
47,3,49,22.35,21.7904,22.3885,28.6658,-2.25496
47,3,49.5,33.1,25.1678,25.7619,32.1935,0.288198
47,3,56,11.78,12.598,14.7256,12.2582,-0.399098
47,3,57,10.35,10.7843,12.9446,10.1319,0.22019
47,3,58,9.84,9.22818,11.3763,8.3728,1.79221
47,3,60,5.98,6.75446,8.78447,5.71676,0.470734
47,3,62,3.76,4.94312,6.7826,3.90305,-0.374417
47,3,70,0.8,1.41771,2.4104,0.848064,-0.574576
48,1,0.25,14.89,10.5116,10.2687,13.6774,0.907103
48,1,0.75,28.23,24.0046,23.5272,29.6915,-0.503791
48,1,1.25,36.58,30.8982,30.4265,36.6904,-0.030788
48,1,1.75,30.35,33.8692,33.5605,38.9671,-2.26344
48,1,4,35.02,29.9003,30.9043,32.3624,0.840491
48,1,7,24.67,19.3407,21.51,21.0685,1.74934
48,1,9,13.74,14.1861,16.6147,15.7075,-1.28167
48,1,12,9.83,8.88522,11.2537,10.1059,-0.27928
48,1,14,7.25,6.50248,8.67786,7.53139,-0.382076
48,1,18,4.23,3.48233,5.15978,4.18285,0.115173
48,1,20,3.27,2.5484,3.97869,3.11724,0.50037
48,1,22,2.29,1.86492,3.06794,2.3231,-0.145338
49,1,0.25,4.2,5.47474,5.34464,4.13317,0.16521
49,1,1.25,12.02,16.0895,15.8341,11.2834,0.667805
49,1,1.5,9.52,17.0547,16.8336,11.8538,-2.01419
49,1,2,13.41,17.9216,17.8124,12.3558,0.872903
49,1,3,12.42,17.3336,17.5301,12.1337,0.241368
49,1,7,9.15,10.0714,11.1872,8.9708,0.204318
49,1,9,7.3,7.38732,8.6396,7.61969,-0.42906
49,1,22,2.7,0.970969,1.59345,2.63436,0.254271
49,2,24.25,10,10.6476,10.9632,9.72039,0.294238
49,2,25.25,23.26,29.8649,29.914,22.5256,0.333645
49,2,25.5,22.7,31.5997,31.686,23.5121,-0.353489
49,2,26,26.17,33.1354,33.375,24.3301,0.773955
49,2,27,18.51,31.9902,32.7049,23.7633,-2.26243
49,2,31,18.8,18.5665,20.8211,17.547,0.730687
49,2,33,13.66,13.618,16.0865,14.9129,-0.859619
49,2,46,5.01,1.79025,2.9777,5.17601,-0.327819
49,3,48.25,8.4,6.84437,7.72574,8.5478,-0.176849
49,3,49.25,15.97,17.4873,18.1608,15.4796,0.324169
49,3,49.5,15.86,18.4306,19.1022,15.9695,-0.0701674
49,3,50,16.31,19.2377,19.9502,16.3079,0.00132159
49,3,51,15.26,18.4996,19.4014,15.7732,-0.33294
49,3,55,11.68,10.7112,12.2999,11.614,0.0581622
49,3,57,11.43,7.8558,9.50671,9.87575,1.60985
49,3,70,3.38,1.03272,1.76611,3.44089,-0.180714
50,1,0.25,6.4,7.33617,7.157,6.90015,-0.741177
50,1,0.5,12.88,12.7779,12.4831,12.3939,0.401268
50,1,1,20.05,19.5937,19.2176,20.1514,-0.0514843
50,1,2,31.54,24.0148,23.8467,27.4605,1.52045
50,1,4,19.52,20.8624,21.5196,28.4644,-3.21605
50,1,5,30.32,18.2141,19.2261,26.8314,1.33069
50,1,6,23.5,15.7172,17.0004,24.889,-0.57116
50,1,7,23.73,13.4957,14.9695,22.9121,0.365347
50,1,12,15.14,6.20006,7.82472,14.7112,0.298271
50,1,14,12.56,4.5374,6.03156,12.2909,0.223978
50,1,16,10.56,3.32052,4.64923,10.2677,0.291206
50,2,24.25,10.85,8.14279,8.67136,11.7152,-0.755546
50,2,24.5,18.68,13.4669,13.8815,17.041,0.984174
50,2,25,25,20.1137,20.4161,24.4775,0.218442
50,2,26,30.06,24.352,24.7618,31.2436,-0.38772
50,2,28,27.75,21.0597,22.1389,31.4679,-1.20924
50,2,29,31.55,18.3772,19.7602,29.5445,0.694739
50,2,30,30.81,15.8546,17.4678,27.3531,1.29344
50,2,31,24.52,13.6124,15.3815,25.1573,-0.259267
50,2,36,13.47,6.25324,8.04976,16.1451,-1.69542
50,2,38,14.54,4.57632,6.2085,13.4917,0.795013
50,2,40,11.51,3.349,4.78833,11.2733,0.214838
51,1,0.25,17.76,10.7306,10.4614,16.6448,0.685562
51,1,1,36.02,28.6621,28.0874,42.1493,-1.48846
51,1,1.25,42.57,31.5419,30.984,45.7533,-0.712167
51,1,1.5,51.04,33.4356,32.9376,47.9365,0.662687
51,1,1.75,48.18,34.5747,34.1687,49.0835,-0.188407
51,1,3,42.21,33.9845,34.2878,47.0015,-1.04349
51,1,4,45.55,30.5232,31.4404,42.1689,0.820685
51,1,6,29.42,22.994,24.8331,32.5235,-0.97665
51,1,10,20.34,12.3921,14.821,18.8977,0.781006
51,1,11,17.54,10.6023,13.0122,16.4926,0.649851
51,1,14,10.43,6.63794,8.80411,10.9625,-0.496929
51,1,16,8.04,4.8577,6.78517,8.34941,-0.379009
51,1,18,6.24,3.55491,5.22919,6.35918,-0.191616
51,1,22,3.33,1.90387,3.10585,3.68888,-0.993742
51,2,24.25,11.85,8.78577,9.60782,14.205,-1.69628
51,2,25,28.62,21.0755,21.6346,31.5872,-0.961443
51,2,25.25,31.59,23.0257,23.5687,34.0089,-0.727968
51,2,25.5,34.35,24.2946,24.8489,35.4525,-0.318294
51,2,25.75,41.52,25.0419,25.6297,36.1828,1.50979
51,2,27,35.96,24.4447,25.3864,34.4622,0.444839
51,2,28,34.84,21.9186,23.2014,30.925,1.2957
51,2,30,23.08,16.4965,18.2952,23.9202,-0.359457
51,2,34,12.87,8.88876,10.9257,13.9987,-0.824962
51,2,35,13.1,7.6049,9.59487,12.2393,0.719457
51,2,38,7.31,4.7613,6.49736,8.17987,-1.0876
51,2,40,5.77,3.48437,5.01021,6.25276,-0.789375
51,2,42,5.41,2.54989,3.86344,4.77963,1.34785
51,2,46,3.01,1.36556,2.29726,2.79284,0.793689
51,3,48.25,13.62,7.53095,8.181,12.4726,0.941181
51,3,49,28.92,18.3993,18.8361,27.9624,0.350489
51,3,49.25,30.04,20.1277,20.5444,30.0625,-0.00766605
51,3,49.5,38.85,21.2546,21.6737,31.2889,2.4733
51,3,49.75,30.22,21.9208,22.3616,31.8842,-0.534215
51,3,51,24.63,21.4248,22.1512,30.1967,-1.88676
51,3,52,26.15,19.2167,20.2412,27.0353,-0.335147
51,3,54,20.48,14.4656,15.9621,20.8751,-0.193705
51,3,58,10.99,7.79475,9.54141,12.2054,-1.01874
51,3,59,12.37,6.66891,8.38153,10.6696,1.63027
51,3,62,8.15,4.1753,5.68049,7.12741,1.46712
51,3,64,4.99,3.05553,4.38277,5.44651,-0.856776
51,3,66,3.7,2.23606,3.38151,4.16203,-1.13421
51,3,70,2.65,1.1975,2.01296,2.4304,0.921858
52,1,0.25,12.9,5.58424,5.44052,12.0904,0.685055
52,1,1,30.43,14.9145,14.6053,29.5099,0.319107
52,1,1.25,27.68,16.4113,16.111,31.5879,-1.26623
52,1,1.75,31.18,17.9876,17.7659,32.8748,-0.527644
52,1,3,30.96,17.6803,17.8252,28.8633,0.74347
52,1,4,21.48,15.8804,16.3433,23.9777,-1.06607
52,1,9,9.47,7.53506,8.76997,8.14462,1.66428
52,1,11,5,5.51658,6.75958,5.24621,-0.479708
52,1,12,4.25,4.71946,5.93379,4.21027,0.0964056
52,1,14,2.64,3.45386,4.57233,2.71175,-0.270046
52,1,16,1.81,2.52762,3.5232,1.7467,0.369263
52,1,18,1.11,1.84978,2.71478,1.12435,-0.1297
53,1,1.25,31,26.7145,26.1985,29.1198,0.660835
53,1,1.75,25.98,29.2837,28.8875,31.4041,-1.76777
53,1,2,33.46,29.761,29.4601,31.7793,0.541308
53,1,3,32.79,28.784,28.9796,30.8522,0.64284
53,1,4,25.88,25.8523,26.5675,28.4804,-0.93448
53,1,6,24.82,19.4751,20.9761,23.454,0.596047
53,1,8,21.5,14.328,16.2268,19.1643,1.24719
53,1,11,14.64,8.97974,10.9812,14.1383,0.363041
53,1,12,9.85,7.6822,9.6388,12.7748,-2.34241
53,1,14,9.7,5.62208,7.42588,10.4295,-0.715553
53,1,16,9.75,4.11429,5.72087,8.51478,1.48371
53,1,18,6.78,3.01085,4.40726,6.95155,-0.252344
54,1,0.25,14.18,6.78869,6.60507,13.038,0.89615
54,1,1,25.97,18.1314,17.7276,25.7567,0.0847718
54,1,2,24.88,22.2227,21.9862,24.6407,0.099393
54,1,3,19.52,21.4937,21.625,20.7915,-0.62583
54,1,4,17.84,19.3055,19.823,17.2298,0.362408
54,1,5,15.46,16.8548,17.7033,14.2381,0.878092
54,1,10,4.99,7.83856,9.32888,5.47275,-0.901685
54,1,11,3.98,6.70642,8.18814,4.5201,-1.22104
54,1,18,1.31,2.24864,3.28432,1.18506,1.07179
54,1,20,0.76,1.64557,2.52977,0.808391,-0.606576
54,1,22,0.62,1.20426,1.94859,0.55144,1.25387
54,2,24.25,18.48,10.4834,10.872,18.8499,-0.200831
54,2,25,35.91,26.4861,26.5391,36.8271,-0.254877
54,2,26,35.09,32.1851,32.3707,35.1772,-0.0253847
54,2,27,26.83,31.0572,31.6777,29.6691,-0.979399
54,2,28,22.5,27.8715,28.9805,24.5801,-0.866062
54,2,29,24.44,24.3249,25.8624,20.3073,2.0826
54,2,34,8.05,11.3097,13.636,7.79665,0.332317
54,2,35,5.24,9.67615,11.9718,6.43799,-1.90258
54,2,42,1.61,3.24437,4.81145,1.68519,-0.454519
54,2,44,1.29,2.37425,3.70817,1.14904,1.24687
54,2,46,0.73,1.73748,2.85787,0.78347,-0.691343
54,3,48.25,19.11,10.8587,11.5974,19.0552,0.0294199
54,3,49,32.42,26.8197,27.2193,36.9625,-1.25787
54,3,50,42.3,32.4706,32.9224,35.2408,2.05025
54,3,51,32,31.3015,32.1243,29.7166,0.786439
54,3,52,20.66,28.0805,29.3544,24.625,-1.64788
54,3,53,20.5,24.5037,26.1851,20.3512,0.0748209
54,3,58,9.18,11.3915,13.817,7.82748,1.7671
54,3,59,6.19,9.74621,12.1341,6.46575,-0.436053
54,3,66,1.93,3.26786,4.88627,1.69669,1.40091
54,3,68,1.01,2.39143,3.76768,1.15768,-1.29664
54,3,70,0.71,1.75008,2.90508,0.789879,-1.0245
55,1,0.25,8.18,6.35071,6.17477,8.33706,-0.192678
55,1,1.25,24.86,18.6638,18.2773,23.5954,0.548516
55,1,1.5,26.53,19.7834,19.4272,24.655,0.778306
55,1,1.75,21.86,20.4565,20.1507,25.0846,-1.31561
55,1,2,24.43,20.789,20.5488,25.0379,-0.248496
55,1,4,19.26,18.06,18.5229,17.848,0.809542
55,1,10,3.19,7.33285,8.71218,3.05554,0.449278
55,1,11,2.28,6.27375,7.64616,2.2426,0.170092
55,1,16,0.46,2.87448,3.97987,0.470398,-0.222355
55,1,20,0.12,1.5394,2.3604,0.134766,-1.05635
55,1,22,0.08,1.12658,1.81777,0.0721138,1.00354
55,2,24.25,8.2,7.1438,7.55812,8.43462,-0.284498
55,2,25.25,22.77,19.3404,19.4979,23.7144,-0.407579
55,2,25.5,22.56,20.4343,20.6008,24.7586,-0.9088
55,2,25.75,24.16,21.0825,21.2782,25.171,-0.41108
55,2,26,27.84,21.3911,21.632,25.1073,1.1139
55,2,28,17.56,18.5003,19.3228,17.8326,-0.156417
55,2,34,3.15,7.50522,9.08364,3.05669,0.311655
55,2,35,2.21,6.4212,7.97434,2.24091,-0.140686
55,2,40,0.51,2.94203,4.15652,0.47177,0.815211
55,2,44,0.13,1.57558,2.46799,0.135503,-0.391689
55,2,46,0.07,1.15302,1.90172,0.0726318,-0.332769
55,3,48.25,14.69,10.7758,11.2015,13.4019,0.983369
55,3,49.25,38.11,29.9745,30.0278,37.4798,0.172114
55,3,49.5,40.82,31.7051,31.7637,39.0781,0.456249
55,3,49.75,43.77,32.7357,32.8307,39.68,1.05503
55,3,50,44.5,33.2328,33.3899,39.5344,1.28559
55,3,52,25.23,28.7855,29.8397,27.9071,-0.981782
55,3,58,5.71,11.681,14.0435,4.78373,1.97886
55,3,59,2.87,9.99388,12.3319,3.5107,-1.86395
55,3,64,0.83,4.57895,6.43689,0.743585,1.17658
55,3,68,0.21,2.45222,3.82627,0.214594,-0.210989
55,3,70,0.11,1.79454,2.95002,0.115279,-0.437186
56,1,0.25,11.81,10.1831,9.8943,12.1832,-0.313413
56,1,1.25,32.08,29.9327,29.2828,29.5435,0.878741
56,1,2,33.39,33.3454,32.9186,30.6725,0.906791
56,1,3,31.95,32.2508,32.3704,28.8778,1.08883
56,1,4,27.14,28.9661,29.6666,26.4027,0.285806
56,1,10,15.88,11.7599,13.9458,14.7515,0.782714
56,1,11,11.66,10.0614,12.2383,13.3829,-1.31716
56,1,18,5.59,3.37354,4.90264,6.76921,-1.78124
56,1,20,5.19,2.46879,3.77495,5.57139,-0.699778
56,1,22,4.51,1.80666,2.90665,4.58552,-0.168306
56,2,24.25,13.9,8.06041,8.79121,11.814,1.80637
56,2,25.25,23.11,21.0366,21.4547,23.0121,0.0435353
56,2,26,20.52,23.189,23.6736,23.5132,-1.30277
56,2,27,20.15,22.3203,23.07,22.0319,-0.874151
56,2,28,19.82,20.0123,21.0718,20.1347,-0.159931
56,2,34,12.51,8.11534,9.89479,11.299,1.09648
56,2,35,9.13,6.94319,8.68563,10.2588,-1.12552
56,2,42,5.56,2.32802,3.48632,5.21782,0.670316
56,2,44,4.84,1.70366,2.68592,4.30131,1.27968
56,2,46,3.53,1.24673,2.06928,3.5458,-0.0455144
56,3,48.25,13.29,10.1848,10.6745,13.9748,-0.501359
56,3,49.25,26.73,28.1003,28.2169,29.4577,-0.947697
56,3,50,26.92,31.1326,31.3338,30.2702,-1.13275
56,3,51,28.94,30.0367,30.6069,28.415,0.189097
56,3,52,26.56,26.9541,27.9748,25.9811,0.228048
56,3,58,13.84,10.9369,13.1568,14.5983,-0.531488
56,3,59,13.52,9.35725,11.5523,13.257,0.202968
56,3,66,6.77,3.13745,4.6461,6.75223,0.0269037
56,3,68,6.09,2.296,3.58145,5.56844,0.957468
56,3,70,4.49,1.68022,2.76078,4.59219,-0.227399
57,1,1.75,34.17,24.6978,24.2767,32.3197,0.585939
57,1,4,27.54,21.8037,22.3042,28.3125,-0.279251
57,1,6,23.49,16.4252,17.5964,21.6543,0.867555
57,1,7,18.53,14.1033,15.4843,18.7886,-0.140843
57,1,9,13.96,10.3445,11.9407,14.0995,-0.101218
57,1,18,4.46,2.53927,3.6813,3.85329,1.60848
57,1,20,2.53,1.85814,2.83398,2.88813,-1.26581
57,1,22,2.09,1.35941,2.18173,2.16475,-0.352143
58,1,0.25,10.84,6.5697,6.3748,10.0743,0.777471
58,1,0.5,16.81,11.4428,11.1153,17.1911,-0.226843
58,1,1,26.57,17.5465,17.1019,25.4391,0.454962
58,1,1.25,28.79,19.3074,18.8611,27.5685,0.453479
58,1,1.75,29.7,21.1619,20.7901,29.4483,0.0874791
58,1,2,25.83,21.5058,21.1989,29.6087,-1.30619
58,1,3,29.54,20.8003,20.8409,27.7726,0.651324
58,1,4,23.58,18.6828,19.0961,24.5404,-0.400501
58,1,8,14.95,10.3554,11.6414,13.4685,1.12542
58,1,10,11.26,7.5857,8.9667,9.89964,1.40562
58,1,12,7.54,5.55229,6.90253,7.27498,0.372526
58,1,14,5.33,4.06334,5.31302,5.34604,-0.0306717
58,1,16,3.78,2.9736,4.08947,3.92854,-0.386269
58,1,20,2.16,1.59249,2.42277,2.12142,0.185445
58,1,22,1.39,1.16542,1.86481,1.55891,-1.10338
58,2,24.25,15.35,10.5656,10.8901,16.0452,-0.443346
58,2,24.5,22.04,17.7609,17.8964,26.5473,-1.73766
58,2,25,45.13,26.7543,26.6879,38.6702,1.70981
58,2,25.25,44.95,29.3384,29.2457,41.7764,0.777576
58,2,25.75,39.72,32.0372,32.0023,44.4719,-1.0937
58,2,26,47.22,32.5227,32.5584,44.6697,0.584383
58,2,27,30.61,31.386,31.8526,41.8215,-2.74397
58,2,28,33.18,28.1676,29.1302,36.9416,-1.04223
58,2,32,21.18,15.6038,17.7471,20.3129,0.436863
58,2,34,14.41,11.4301,13.6765,14.9491,-0.36899
58,2,36,10.74,8.36615,10.5339,10.9996,-0.241423
58,2,38,8.13,6.12261,8.11273,8.09333,0.0463376
58,2,40,6.76,4.48059,6.24796,5.95493,1.38213
58,2,44,3.27,2.39954,3.70576,3.22386,0.146133
58,2,46,2.29,1.75598,2.85395,2.37205,-0.352887
59,1,0.5,9,16.974,16.476,8.83628,0.189507
59,1,0.75,13.45,22.2542,21.6325,11.9655,1.26923
59,1,1,13.77,26.03,25.348,14.4452,-0.478271
59,1,1.25,15.95,28.6454,27.9543,16.3961,-0.278374
59,1,1.5,17.56,30.3653,29.7089,17.9169,-0.203834
59,1,2,18.89,31.9117,31.4161,19.9753,-0.555996
59,1,5,18.44,24.2007,25.2555,20.863,-1.18851
59,1,7,19.23,17.9307,19.6309,18.8121,0.227327
59,1,8,17.91,15.3635,17.2418,17.751,0.0916799
59,1,9,16.98,13.1519,15.1328,16.726,0.15541
59,1,20,8.92,2.36242,3.58443,8.58568,0.398262
59,2,24.5,13.42,11.0864,11.6496,11.7364,1.46761
59,2,24.75,12.04,14.1254,14.5995,13.4738,-1.08875
59,2,25,14.12,16.2873,16.7051,14.8281,-0.488629
59,2,25.25,15.62,17.7721,18.1615,15.8718,-0.162307
59,2,25.5,13.43,18.7361,19.1209,16.6635,-1.98561
59,2,26,21.87,19.5631,19.9925,17.6742,2.42926
59,2,29,19.98,14.7149,15.8313,17.1575,1.68332
59,2,31,13.96,10.8975,12.2994,15.3808,-0.945177
59,2,32,13.66,9.33673,10.8041,14.4989,-0.591989
59,2,33,13.52,7.99249,9.4846,13.6542,-0.100536
59,2,44,7.13,1.43577,2.25346,6.9945,0.198085
59,3,48.5,11.77,12.5344,12.8209,11.4731,0.264719
59,3,48.75,13.59,16.1846,16.3771,13.574,0.0120458
59,3,49,12.44,18.7872,18.9178,15.2196,-1.86872
59,3,49.25,15.59,20.5817,20.6799,16.4958,-0.561882
59,3,49.5,19.3,21.7546,21.8465,17.4724,1.07034
59,3,50,17.13,22.7841,22.9274,18.7431,-0.880716
59,3,53,19.98,17.2058,18.2255,18.5148,0.809826
59,3,55,14.9,12.7452,14.1666,16.6267,-1.06264
59,3,56,18.03,10.9202,12.4475,15.6804,1.53321
59,3,57,12.45,9.34807,10.9303,14.7722,-1.60846
59,3,68,7.6,1.67929,2.605,7.59124,0.0117962
60,1,0.25,6.2,9.74513,9.44325,6.47507,-0.434346
60,1,0.75,16.96,22.2542,21.6163,16.0976,0.548208
60,1,1.75,27.56,31.3998,30.784,26.3373,0.475149
60,1,4,26.93,27.7203,28.2611,29.7647,-0.974742
60,1,5,33.33,24.2005,25.2242,28.2347,1.84695
60,1,9,22.78,13.1518,15.1084,19.9567,1.44774
60,1,14,12.59,6.02838,7.84846,12.1977,0.329025
60,1,18,7.67,3.22843,4.64643,8.19561,-0.655912
60,1,22,5.03,1.72876,2.75075,5.5053,-0.882533
60,2,24.25,10.96,10.3049,10.8952,10.4135,0.536818
60,2,24.75,19.17,21.8759,22.1378,19.1653,0.00251978
60,2,25.75,26.89,30.2345,30.4106,28.2768,-0.501949
60,2,28,27.19,26.5202,27.5657,30.671,-1.1616
60,2,29,23.21,23.1416,24.5792,28.9639,-2.03321
60,2,33,19.99,12.5722,14.7242,20.4178,-0.214398
60,2,38,13.46,5.76263,7.65938,12.5255,0.763314
60,2,42,9.23,3.08615,4.53963,8.44517,0.950475
60,2,46,5.76,1.65277,2.69058,5.69293,0.120433
61,1,0.25,5.53,5.58424,5.40763,5.96862,-0.7513
61,1,1,17.89,14.9145,14.5024,16.5014,0.86109
61,1,2,20.23,18.28,17.9695,21.0944,-0.419343
61,1,4,19.65,15.8804,16.1761,19.7269,-0.0398829
61,1,6,18.5,11.9639,12.7519,15.8745,1.69231
61,1,9,10.52,7.53506,8.6437,10.985,-0.433026
61,1,10,8.44,6.44786,7.58284,9.69611,-1.32513
61,1,12,7.16,4.71946,5.83406,7.55016,-0.528455
61,1,16,4.79,2.52762,3.45272,4.57586,0.478226
61,1,18,3.7,1.84978,2.65615,3.56225,0.394959
62,1,1,29.09,28.9547,28.1314,25.3301,1.51913
62,1,1.25,30.86,31.864,31.0229,27.9924,1.04847
62,1,1.5,29.44,33.7771,32.968,29.7603,-0.110143
62,1,1.75,33.33,34.928,34.1887,30.8258,0.831458
62,1,3,24.84,34.3318,34.2513,30.0478,-1.77388
62,1,4,27.05,30.8351,31.3694,26.3731,0.262691
62,1,5,19.15,26.9198,27.9922,22.2751,-1.43578
62,1,7,12.35,19.9453,21.7453,15.1783,-1.90662
62,1,8,14.27,17.0897,19.0936,12.414,1.52963
62,1,9,9.77,14.6296,16.7534,10.1287,-0.362293
62,1,10,8.25,12.5187,14.6959,8.25391,-0.00484105
62,1,11,5.6,10.7106,12.8895,6.72176,-1.7064
62,1,18,1.51,3.5912,5.14392,1.58997,-0.512252
62,1,20,1.05,2.62809,3.95645,1.05276,-0.0266079
62,1,22,0.74,1.92324,3.04316,0.697075,0.622966
62,2,25,15.17,18.4559,18.8543,15.0874,0.056
62,2,25.25,16.79,20.1414,20.5024,16.6664,0.0758648
62,2,25.5,16.34,21.2362,21.5879,17.7308,-0.802664
62,2,25.75,17.51,21.8786,22.2439,18.388,-0.48863
62,2,27,15.9,21.3337,21.9662,18.0678,-1.22778
62,2,28,16.9,19.1239,20.0457,15.9529,0.60749
62,2,29,12.89,16.6829,17.8634,13.5393,-0.490661
62,2,31,9.23,12.3551,13.8706,9.29043,-0.0665275
62,2,32,8.7,10.5856,12.1809,7.61856,1.45163
62,2,33,7.85,9.06154,10.6904,6.23057,2.6574
62,2,34,6.19,7.75399,9.37987,5.08808,2.21353
62,2,35,4.39,6.63403,8.22916,4.15189,0.585956
62,2,42,0.95,2.22436,3.29057,0.995024,-0.459401
62,2,44,0.69,1.6278,2.53236,0.661378,0.437533
62,2,46,0.35,1.19122,1.94886,0.439601,-2.04784
62,3,49,17.21,19.4599,19.5901,16.4164,0.494666
62,3,49.25,16.89,21.3099,21.399,18.1246,-0.697066
62,3,49.5,19.3,22.5181,22.5947,19.2639,0.019164
62,3,49.75,20.84,23.2345,23.323,19.9556,0.453533
62,3,51,16.95,22.7316,23.1078,19.499,-1.33773
62,3,52,15.25,20.3938,21.0999,17.1573,-1.13752
62,3,53,15.51,17.7966,18.8077,14.5262,0.692992
62,3,55,10.61,13.1825,14.6105,9.94096,0.688429
62,3,56,7.94,11.2948,12.834,8.14674,-0.259536
62,3,57,5.81,9.66877,11.2666,6.65993,-1.30488
62,3,58,5.81,8.27364,9.88816,5.43749,0.700278
62,3,59,4.56,7.07864,8.67752,4.43647,0.284523
62,3,66,1.16,2.37344,3.47672,1.06323,0.924498
62,3,68,0.65,1.7369,2.67715,0.706764,-0.812659
62,3,70,0.49,1.27106,2.06143,0.469811,0.432278
63,1,0.25,7.02,9.08815,8.78883,6.4463,0.909937
63,1,1,18,24.2751,23.5649,17.7023,0.172075
63,1,1.25,17.41,26.7143,25.9843,19.6228,-1.15396
63,1,1.75,24.58,29.2832,28.6323,21.7679,1.32208
63,1,7,11.83,16.7219,18.203,12.3454,-0.427137
63,1,8,8.69,14.3278,15.9818,10.4407,-1.71526
63,1,10,7.35,10.4955,12.2987,7.43459,-0.116359
63,1,20,1.37,2.20318,3.30782,1.3453,0.186785
63,2,24.25,7.79,11.9751,12.4249,8.25239,-0.573051
63,2,25,22.38,29.958,29.8891,21.5137,0.412066
63,2,25.25,19.96,32.8251,32.7073,23.7831,-1.64511
63,2,25.75,25.62,35.8127,35.7298,26.3222,-0.273011
63,2,31,15.72,20.3352,22.4561,14.9956,0.494284
63,2,32,14.64,17.4233,19.7195,12.6957,1.56682
63,2,34,9.1,12.7629,15.1825,9.05919,0.0460782
63,2,44,1.57,2.67934,4.09525,1.65559,-0.526598
64,1,0.75,9.9,18.0034,17.4349,11.2651,-1.23971
64,1,1.25,16.29,23.1741,22.5221,15.7205,0.3707
64,1,4,23.13,22.4263,22.7587,20.7165,1.19222
64,1,5,19.73,19.5786,20.3049,19.4089,0.169305
64,1,6,17.52,16.8942,17.9305,17.7356,-0.124399
64,1,10,11.36,9.10474,10.6505,11.2732,0.0787278
64,1,11,8.61,7.78971,9.33971,9.98345,-1.40725
64,1,18,4.21,2.61188,3.72252,4.20422,0.014039
64,1,20,3.4,1.91123,2.86213,3.28022,0.372905
65,1,5,20.06,24.7452,25.6347,21.3513,-0.61894
65,1,18,9.64,3.30108,4.69389,9.48509,0.167053
66,1,1,27.63,27.4924,26.6267,25.0396,1.05875
66,1,1.75,28.21,33.1641,32.347,31.2552,-0.997184
66,1,3,29.87,32.5981,32.3869,32.4281,-0.807388
66,1,5,24.28,25.5603,26.4467,27.5749,-1.22291
66,1,6,27.7,22.0558,23.3493,24.7442,1.2225
66,1,7,25.38,18.9381,20.5292,22.0849,1.5269
66,1,14,9.65,6.36709,8.18786,9.7058,-0.0588082
66,2,25,22.86,23.951,24.0692,23.4395,-0.253029
66,2,25.75,26.82,28.5254,28.5977,28.3443,-0.550396
66,2,27,29.48,27.8756,28.3215,28.9481,0.188065
66,2,29,25.73,21.8151,23.0389,24.4682,0.527753
66,2,30,20.87,18.8199,20.3345,21.94,-0.499093
66,2,31,20.97,16.158,17.879,19.5765,0.728425
66,2,38,8.19,5.43207,7.14358,8.60802,-0.496683
66,3,49,18.68,17.9349,18.193,17.8935,0.449753
66,3,49.75,21.43,21.3226,21.5105,21.4833,-0.0253994
66,3,51,21.97,20.8197,21.2362,21.8365,0.062556
66,3,53,17.25,16.2886,17.2536,18.4122,-0.645927
66,3,54,16.38,14.0517,15.2281,16.5039,-0.0767902
66,3,55,15.94,12.064,13.3912,14.7242,0.844892
66,3,62,6.29,4.05569,5.36045,6.47823,-0.297075
67,1,0.5,13.04,11.2521,10.8602,12.3779,0.547237
67,1,1.25,19.08,18.9856,18.4101,21.7335,-1.24946
67,1,1.5,21.02,20.1245,19.5604,23.3178,-1.0085
67,1,2,27.28,21.1474,20.6738,25.0629,0.905349
67,1,3,27.89,20.4537,20.3032,25.2178,1.08448
67,1,4,22.03,18.3714,18.5856,23.4254,-0.609614
67,1,5,21.19,16.0393,16.5768,21.067,0.0597682
67,1,8,15.25,10.1828,11.2915,14.4525,0.564617
67,1,10,12.45,7.45928,8.68293,11.1115,1.23229
67,1,14,6.96,3.99562,5.12807,6.54802,0.643306
67,1,16,5.04,2.92404,3.94066,5.02556,0.0293671
67,1,18,3.32,2.13984,3.02818,3.85703,-1.42236
67,1,20,2.98,1.56595,2.32698,2.9602,0.0682848
67,1,22,2.4,1.146,1.78814,2.2719,0.575135
68,1,0.25,3.85,7.22667,6.96519,5.14372,-2.57076
68,1,0.75,12.86,16.5026,15.9341,12.6314,0.185187
68,1,1,14.57,19.3012,18.6648,15.2701,-0.469139
68,1,1.25,19.61,21.2381,20.5775,17.3309,1.34567
68,1,3,23.33,22.8803,22.6885,21.9752,0.630936
68,1,7,14.38,13.2942,14.3714,14.7952,-0.287138
68,1,9,11.53,9.75124,11.0602,11.129,0.36863
68,1,14,4.6,4.46968,5.7246,5.27752,-1.31223
68,2,24.25,7.68,9.5526,9.85912,7.36907,0.431486
68,2,24.75,16.55,20.5854,20.5192,16.3415,0.130585
68,2,25,19.85,23.903,23.7373,19.478,0.195426
68,2,25.25,21.39,26.1909,25.9735,21.9123,-0.243936
68,2,27,30.19,27.9729,28.1621,27.1519,1.14519
68,2,31,17.69,16.2259,17.7829,18.1098,-0.237212
68,2,33,12.48,11.9011,13.6914,13.62,-0.856342
68,2,38,7.21,5.45503,7.09633,6.47519,1.16028
69,1,3,27.11,24.2767,24.0437,28.6711,-0.557248
69,1,4,28.49,21.8039,22.0041,25.1934,1.33919
69,1,9,11.02,10.3446,11.7128,11.5355,-0.457134
69,1,10,10.08,8.85199,10.2678,9.83556,0.25422
69,1,12,6.03,6.47913,7.88828,7.1497,-1.60144
69,1,16,3.96,3.46996,4.6548,3.77774,0.492838
69,1,18,2.75,2.53929,3.57564,2.74602,0.0148052
69,1,22,1.38,1.35942,2.10978,1.45077,-0.496521
69,2,27,30.3,25.2349,25.4484,29.6882,0.210898
69,2,28,27.13,22.639,23.2343,26.09,0.407976
69,2,33,11.91,10.733,12.3597,12.0348,-0.106054
69,2,34,9.19,9.18429,10.8377,10.2787,-1.0835
69,2,36,8.31,6.72234,8.33076,7.49737,1.10842
69,2,40,4.32,3.60023,4.92152,3.98863,0.848746
69,2,42,2.91,2.63467,3.7827,2.90782,0.00766112
69,2,46,1.66,1.41014,2.23465,1.54607,0.750382
70,1,1,18.14,15.2088,14.6824,19.0575,-0.492655
70,1,4,15.74,16.1976,16.3244,14.5657,0.824896
70,1,5,12.69,14.1408,14.5557,12.2362,0.379415
70,1,6,9.05,12.2019,12.8462,10.2618,-1.20796
70,1,7,7.89,10.477,11.2905,8.60257,-0.847185
70,1,9,5.67,7.6847,8.68593,6.04435,-0.63319
70,1,14,2.57,3.52242,4.49163,2.50085,0.282126
70,1,18,1.21,1.88637,2.64949,1.23458,-0.202441
70,1,22,0.64,1.00993,1.56285,0.609442,0.506396
70,2,25,41.57,29.5816,29.0726,36.8472,1.31188
70,2,28,30.6,31.2205,31.7366,27.819,1.02311
70,2,29,17.95,27.2501,28.2812,23.3432,-2.36445
70,2,30,20.84,23.5118,24.9566,19.5572,0.671249
70,2,31,15.61,20.1875,21.9364,16.3795,-0.480706
70,2,33,10.93,14.807,16.8834,11.4872,-0.496207
70,2,38,4.63,6.78702,8.74282,4.73114,-0.218464
70,2,42,1.94,3.63475,5.16298,2.32685,-1.69599
70,2,46,1.14,1.94655,3.04892,1.14437,-0.0387932
70,3,49,25.65,22.2718,22.4821,27.0514,-0.530189
70,3,52,19.25,23.1807,23.914,20.5876,-0.664874
70,3,53,16.68,20.2245,21.2939,17.3405,-0.389787
70,3,54,16.85,17.447,18.7871,14.5833,1.59033
70,3,55,13.95,14.9791,16.5147,12.2603,1.41
70,3,57,10.11,10.9863,12.7161,8.66391,1.70713
70,3,62,3.07,5.03568,6.59398,3.63612,-1.5903
70,3,66,2,2.69683,3.89844,1.81495,1.03906
70,3,70,0.98,1.44395,2.30478,0.905756,0.831514
71,1,0.25,10.51,5.47474,5.26599,11.5802,-0.945425
71,1,0.5,20.98,9.53569,9.17732,18.8649,1.1473
71,1,1,27.26,14.6221,14.1066,25.5481,0.685784
71,1,1.75,24.86,17.6349,17.1262,26.1378,-0.500344
71,1,3,18.27,17.3336,17.1348,20.4517,-1.09166
71,1,4,17.33,15.569,15.6785,15.7286,1.04176
71,1,5,11.64,13.5926,13.9784,11.9162,-0.237138
71,1,6,8.61,11.7293,12.3355,8.98613,-0.428119
71,1,7,6.92,10.0714,10.8407,6.7667,0.231645
71,1,8,5.72,8.62953,9.51086,5.09311,1.25805
71,1,10,2.8,6.32143,7.30828,2.88438,-0.298616
71,1,18,0.29,1.81321,2.54137,0.296815,-0.228646
71,1,20,0.18,1.32686,1.95144,0.167882,0.704007
71,1,22,0.09,0.970969,1.49848,0.095152,-0.509665
72,1,3,37.99,26.704,26.3656,38.6843,-0.1837
72,1,6,27.49,18.0676,18.9736,25.0221,1.00939
72,1,10,12.16,9.73709,11.2367,13.6042,-1.08616
72,1,11,12.32,8.33073,9.84653,11.6805,0.560152
72,1,18,3.72,2.79328,3.90451,4.01752,-0.756583
72,2,27,53.79,30.4973,30.6,44.1511,2.23462
72,2,30,22.79,20.6016,21.9498,28.5157,-2.05504
72,2,34,14.27,11.1015,13.0091,15.5118,-0.819161
72,2,35,12.25,9.49808,11.4028,13.3203,-0.822106
72,2,42,4.73,3.18467,4.53065,4.58636,0.320048
72,3,51,43.7,29.9002,30.0829,43.2265,0.112131
72,3,54,26.29,20.1927,21.5536,28.0546,-0.643749
72,3,58,15.14,10.881,12.7857,15.3688,-0.152307
72,3,59,14.57,9.30937,11.2101,13.2207,1.04415
72,3,66,5.12,3.12139,4.46297,4.60862,1.13394
73,1,1,9.73,18.7184,18.0281,9.27507,0.501692
73,1,1.75,10.87,22.5809,21.8827,12.4746,-1.31599
73,1,4,14.53,19.9349,20.0226,14.4185,0.0791197
73,1,6,12.21,15.0173,15.7472,13.2007,-0.767848
73,1,14,7.73,4.33519,5.4938,7.57199,0.213408
73,1,16,7.16,3.17254,4.21706,6.55786,0.938829
73,1,20,4.43,1.69902,2.48478,4.91827,-1.01464
74,1,0.25,13.87,10.1831,9.775,14.1397,-0.195138
74,1,1,32.16,27.1998,26.1766,31.0476,0.366721
74,1,1.25,36.16,29.9327,28.8529,32.4954,1.15425
74,1,1.75,32.64,32.8109,31.7699,32.8658,-0.0703284
74,1,3,29.8,32.2508,31.7715,28.7938,0.35765
74,1,6,20.08,21.8209,22.8519,18.2898,1.00163
74,1,7,12.97,18.7364,20.077,15.6705,-1.76333
74,1,11,6.82,10.0614,11.8484,8.44216,-1.96523
74,1,18,3.26,3.37354,4.69234,2.85981,1.42847
74,1,20,2.07,2.46879,3.60121,2.09902,-0.140958
74,1,22,1.5,1.80666,2.7638,1.54063,-0.268525
74,2,24.25,13.16,9.59337,10.0764,12.7228,0.351531
74,2,25,24.16,23.354,23.2989,26.3984,-0.867797
74,2,25.25,29.38,25.5414,25.4162,27.5208,0.691396
74,2,25.75,25.14,27.8092,27.662,27.7172,-0.951625
74,2,27,23.11,27.1734,27.3631,24.213,-0.466223
74,2,30,15.56,18.3452,19.5995,15.3996,0.106556
74,2,31,14.21,15.7504,17.2199,13.2036,0.779822
74,2,35,7.27,8.4574,10.1719,7.13364,0.19546
74,2,42,2.23,2.83573,4.03641,2.42873,-0.834813
74,2,44,1.86,2.07488,3.09958,1.78519,0.427039
74,2,46,1.34,1.51785,2.38019,1.31217,0.215739
75,1,0.25,9.1,8.43117,8.08781,9.70939,-0.642
75,1,0.5,16.66,14.6854,14.0929,16.8389,-0.108705
75,1,1.75,31.74,27.1665,26.2808,30.7567,0.327216
75,1,2,33.8,27.6093,26.783,31.2305,0.842094
75,1,3,31.71,26.7029,26.2782,30.2392,0.497814
75,1,4,28.67,23.9832,24.0345,27.3385,0.498455
75,1,5,26.72,20.9378,21.4197,24.1079,1.10886
75,1,6,20.82,18.0671,18.895,21.055,-0.114212
75,1,7,15.37,15.5132,16.5991,18.3184,-1.64705
75,1,11,9.42,8.33054,9.79233,10.4064,-0.969628
75,1,18,3.8,2.79318,3.87557,3.85714,-0.151335
75,1,20,3.09,2.04394,2.97382,2.90473,0.651117
76,1,1,34.15,28.6622,27.5422,33.5414,0.185725
76,1,1.25,35.3,31.5421,30.3583,35.9346,-0.180763
76,1,1.5,36.03,33.4359,32.2465,37.2354,-0.33135
76,1,1.75,38.37,34.5752,33.4251,37.7788,0.160179
76,1,8,19.31,16.9171,18.5012,19.1224,0.100379
76,1,9,18.17,14.4818,16.2128,16.8398,0.808274
76,1,10,15.91,12.3923,14.2035,14.8294,0.745588
76,1,14,8.4,6.63801,8.36085,8.91806,-0.594161
76,1,16,5.83,4.85775,6.41432,6.91585,-1.60548
76,1,18,5.81,3.55493,4.92097,5.36304,0.851894
76,1,20,4.28,2.60154,3.77532,4.15889,0.297539
77,1,0.5,20.31,17.7369,16.997,20.4771,-0.0835001
77,1,0.75,26.55,23.2544,22.3015,26.977,-0.162
77,1,1.25,38.26,29.9328,28.7818,35.0415,0.940079
77,1,1.75,34.37,32.8111,31.6853,38.7354,-1.15352
77,1,5,31.06,25.2882,25.8061,31.1511,-0.0299335
77,1,7,23.16,18.7365,19.9907,23.5721,-0.178932
77,1,8,19.4,16.0539,17.5287,20.4023,-0.502743
77,1,10,16.86,11.76,13.4544,15.2456,1.08347
77,1,16,6.1,4.6099,6.0727,6.34067,-0.388072
77,1,20,3.46,2.46882,3.5729,3.53219,-0.208744
77,1,22,2.7,1.80681,2.74057,2.63632,0.246527
78,1,0.25,12.04,5.91272,5.6605,11.6666,0.327457
78,1,1.25,26.68,17.3766,16.6983,26.8133,-0.0508734
78,1,1.5,28.94,18.419,17.7349,27.3079,0.611692
78,1,1.75,28.58,19.0457,18.3816,27.3251,0.470036
78,1,3,19.34,18.7203,18.3715,24.6947,-2.21915
78,1,6,16.99,12.6676,13.1978,17.2373,-0.146822
78,1,7,18.34,10.8771,11.5908,15.2534,2.07047
78,1,9,10.7,7.9783,8.9038,11.9435,-1.06512
78,1,18,3.9,1.95847,2.69804,3.97226,-0.185846
78,1,20,3.15,1.43317,2.06912,3.11024,0.130514
79,1,0.25,4.6,5.80323,5.55193,4.51399,0.194716
79,1,0.75,10.62,13.252,12.6903,10.6215,-0.00148491
79,1,1,11.43,15.4994,14.8592,12.6035,-0.952588
79,1,1.75,15.67,18.693,18.0251,15.8409,-0.110398
79,1,2,15.79,18.9968,18.3673,16.3109,-0.326752
79,1,3,17.31,18.3736,18.0125,16.5799,0.450572
79,1,7,11.56,10.6757,11.3599,11.4688,0.0813918
79,1,9,8.89,7.83055,8.72474,9.13244,-0.271533
79,1,12,6.79,4.90453,5.85974,6.46391,0.515798
79,1,16,4.48,2.62668,3.44515,4.0737,1.01901
79,2,24.25,9.85,9.92209,9.99329,8.88256,1.11399
79,2,24.75,18.8,21.6711,21.2533,18.6,0.110045
79,2,25,23.49,25.2069,24.6495,21.709,0.839591
79,2,25.75,28.42,30.1979,29.5323,26.659,0.676046
79,2,26,22.08,30.6576,30.0311,27.3342,-1.96728
79,2,27,31.48,29.5903,29.319,27.4994,1.48147
79,2,31,18.72,17.1709,18.4447,18.8184,-0.0534837
79,2,33,16.14,12.5943,14.1723,14.9656,0.802961
79,2,36,10.72,7.88817,9.52637,10.5786,0.136759
79,2,40,6.95,4.2246,5.6073,6.65625,0.45124
79,3,48.25,9.85,10.8011,11.1869,10.184,-0.335514
79,3,48.75,19.8,23.0786,22.9632,20.2802,-0.242304
79,3,49,22.78,26.7685,26.4946,23.5019,-0.314343
79,3,49.75,29.24,31.9573,31.5129,28.6006,0.228799
79,3,50,33.2,32.4268,32.0044,29.2836,1.3688
79,3,51,25.2,31.264,31.1542,29.3746,-1.45454
79,3,55,17.81,18.1303,19.5695,20.0673,-1.1511
79,3,57,15.16,13.2977,15.0436,15.9594,-0.512548
79,3,60,11.47,8.32872,10.1205,11.2826,0.169875
79,3,64,6.04,4.46054,5.96381,7.10069,-1.5275
80,1,0.25,5.5,10.1831,9.73555,6.21182,-1.17157
80,1,0.5,12.22,17.7369,16.9607,11.301,0.831901
80,1,0.75,17.3,23.2544,22.2513,15.4369,1.23493
80,1,1,18.78,27.1998,26.0533,18.7624,0.00957594
80,1,1.25,21.01,29.9327,28.7109,21.4017,-0.1873
80,1,1.75,22.72,32.8109,31.6008,25.0259,-0.942986
80,1,8,13.54,16.0538,17.4483,16.3075,-1.73654
80,1,10,12.1,11.7599,13.3853,11.9954,0.089173
80,1,18,3.59,3.37354,4.6239,3.31843,0.835722
80,1,22,1.55,1.80666,2.71749,1.7361,-1.09217
80,2,24.25,4.27,6.74644,7.27171,4.54138,-0.610645
80,2,24.5,6.34,10.7578,11.1009,7.2293,-1.25792
80,2,24.75,10.46,13.6761,13.8826,9.40564,1.14661
80,2,25,9.98,15.7512,15.8619,11.1482,-1.072
80,2,25.25,12.11,17.1754,17.225,12.5242,-0.338381
80,2,25.75,16.55,18.6396,18.6507,14.393,1.53341
80,2,32,9.94,9.00794,10.0872,9.14711,0.886615
80,2,34,6.59,6.59834,7.74205,6.73919,-0.226362
80,2,42,2.16,1.89284,2.68055,1.88224,1.50408
80,2,46,0.92,1.01368,1.57719,0.989752,-0.715467
81,1,1.25,24.31,20.5993,19.7418,24.0741,0.100262
81,1,1.75,25.24,22.581,21.7275,25.2978,-0.0233822
81,1,2,23.22,22.9491,22.1385,25.1945,-0.802057
81,1,5,16.34,17.4036,17.6707,15.4462,0.592074
81,1,6,11.81,15.0174,15.5789,12.4992,-0.564161
81,1,8,8.58,11.0483,11.9891,8.11157,0.590599
81,1,9,6.13,9.4579,10.5014,6.52577,-0.620096
81,1,11,4.34,6.9243,8.05133,4.22119,0.287588
81,1,14,2.46,4.3352,5.40307,2.19535,1.2295
81,1,22,0.35,1.24332,1.86485,0.383546,-0.876367
82,1,0.25,6.14,10.0736,9.61789,5.63928,0.907681
82,1,0.75,11.56,23.0044,21.979,13.7019,-1.5994
82,1,1,16,26.9073,25.7326,16.5025,-0.311573
82,1,4,24.24,28.6546,28.4869,23.2223,0.448518
82,1,7,21.04,18.5349,19.634,18.4157,1.45828
82,1,8,17.64,15.8812,17.2079,16.7904,0.517791
82,1,10,13.18,11.6335,13.196,13.888,-0.52161
82,1,11,11.85,9.95323,11.5528,12.6182,-0.62287
82,1,18,5.62,3.33727,4.55179,6.42979,-1.28769
82,1,20,6.2,2.44225,3.48821,5.30247,1.73017
82,1,22,3.66,1.78724,2.67315,4.3728,-1.66564
82,2,24.25,8.3,10.4557,10.8033,8.65136,-0.415382
82,2,24.75,14.78,22.164,21.9818,15.8322,-0.680034
82,2,25,18.99,25.6811,25.3426,18.3043,0.383355
82,2,28,27.19,26.8546,27.17,23.6382,1.53772
82,2,31,17.28,17.357,18.7043,18.66,-0.756772
82,2,32,18.65,14.8714,16.3959,17.0134,0.984356
82,2,34,14.99,10.8935,12.5797,14.0798,0.661421
82,2,35,13.44,9.32011,11.0163,12.7971,0.51401
82,2,42,6.88,3.12499,4.34911,6.53933,0.532665
82,2,44,5.66,2.2869,3.3346,5.39723,0.49767
82,2,46,4.74,1.67354,2.55646,4.45459,0.654717
82,3,48.25,7.13,7.09073,7.59439,6.93346,0.289853
82,3,48.75,11.14,14.5895,14.7549,11.5314,-0.34722
82,3,49,14.35,16.8376,16.8927,13.0946,0.980875
82,3,52,15.78,17.4693,17.819,16.0971,-0.201557
82,3,55,12.42,11.2868,12.2611,12.6317,-0.171448
82,3,56,10.43,9.67029,10.7502,11.51,-0.9599
82,3,58,8.61,7.08356,8.25232,9.51921,-0.976981
82,3,59,7.18,6.06043,7.22875,8.65031,-1.73844
82,3,66,4.82,2.03203,2.85955,4.41647,0.933653
82,3,68,3.25,1.48707,2.1939,3.64431,-1.10518
82,3,70,3.11,1.08823,1.6832,3.00715,0.349178
83,1,0.25,5.28,6.78869,6.47723,5.69837,-0.750545
83,1,1.75,22.32,21.8673,21.0111,19.1922,1.66775
83,1,3,20.24,21.4937,20.9838,20.1311,0.0553712
83,1,5,17.64,16.8548,17.0758,18.0588,-0.237331
83,1,8,12.95,10.7006,11.5789,14.3904,-1.02412
83,1,11,11.9,6.70642,7.77154,11.3883,0.45963
83,1,14,8.56,4.19879,5.21242,9.00925,-0.51003
83,1,16,8.35,3.07272,3.99375,7.70611,0.854497
83,1,20,5.92,1.64557,2.34457,5.63803,0.511253
83,1,22,4.63,1.20426,1.79642,4.82252,-0.407984
84,1,0.25,5.24,7.22667,6.89047,5.17818,0.122033
84,1,0.75,12.98,16.5026,15.7439,12.837,0.114002
84,1,1.25,16.68,21.2381,20.3085,17.7888,-0.637811
84,1,2,23.73,23.6564,22.7673,21.8227,0.894418
84,1,3,23.86,22.8803,22.3143,23.4396,0.183539
84,1,9,12.82,9.75124,10.7769,13.9296,-0.815024
84,1,11,10.59,7.13909,8.25797,10.9751,-0.358937
84,1,12,8.87,6.10752,7.22799,9.72797,-0.902146
84,1,14,7.63,4.46968,5.53714,7.63401,-0.00537781
84,2,24.25,7.98,9.1146,9.27966,8.06609,-0.109154
84,2,24.75,16.13,19.5853,19.267,16.6277,-0.306301
84,2,25.25,20.84,24.9039,24.3546,22.1278,-0.595576
84,2,26,27.58,27.5673,26.9972,26.5455,0.398863
84,2,27,31.47,26.5863,26.3108,28.1917,1.19013
84,2,33,16.53,11.3101,12.6727,16.629,-0.0609285
84,2,35,14.17,8.2803,9.71601,13.1131,0.824611
84,2,36,12.82,7.08383,8.5066,11.6288,1.04792
84,2,38,9.18,5.18416,6.52038,9.13537,0.0499652
85,1,0.25,6.86,8.86916,8.4508,6.69048,0.259066
85,1,1.5,22.59,27.6359,26.4433,19.3358,1.72228
85,1,2,20.94,29.0433,27.9159,20.1316,0.410926
85,1,4,16.7,25.2289,24.9946,18.2128,-0.849966
85,1,5,17.23,22.0254,22.253,16.6552,0.353116
85,1,6,15.13,19.0056,19.6112,15.1641,-0.0229965
85,1,7,13.43,16.319,17.212,13.7878,-0.265493
85,1,10,10.86,10.2426,11.5585,10.348,0.506165
85,1,11,9.94,8.76325,10.1164,9.40315,0.58398
85,1,18,4.68,2.93827,3.97802,4.81037,-0.276979
85,2,24.25,9.79,10.0863,10.3233,9.40035,0.423981
85,2,25.5,22.77,28.8787,28.2641,21.8569,0.427514
85,2,26,22.58,30.2323,29.6359,22.5424,0.017051
85,2,28,20.2,26.1481,26.31,20.1925,0.0038071
85,2,29,19.24,22.8177,23.4035,18.4456,0.440734
85,2,30,15.47,19.6857,20.6203,16.783,-0.800539
85,2,31,14.11,16.9017,18.0985,15.2517,-0.765955
85,2,34,12.55,10.6079,12.1622,11.4304,1.00205
85,2,35,10,9.07572,10.6478,10.3819,-0.376289
85,2,42,5.02,3.04305,4.19552,5.29386,-0.52877
85,3,48.25,6.38,6.95037,7.40737,7.22663,-1.19801
85,3,49.5,14.16,19.0199,18.8899,15.1088,-0.642539
85,3,50,12.78,19.8685,19.7218,15.5085,-1.80021
85,3,52,13.21,17.1407,17.4102,13.8552,-0.476472
85,3,53,11.84,14.9535,15.4782,12.6691,-0.669538
85,3,54,10.67,12.8994,13.6361,11.5416,-0.772547
85,3,55,9.82,11.0746,11.9698,10.5024,-0.664696
85,3,58,8.32,6.9504,8.04955,7.90314,0.539425
85,3,59,8.04,5.94651,7.04919,7.18798,1.21211
85,3,66,4.11,1.99384,2.78315,3.70036,1.13081
86,1,1.25,28.84,28.9674,27.6518,30.7476,-0.634968
86,1,1.5,32.9,30.7067,29.3617,31.3707,0.498962
86,1,2,31.93,32.2706,30.9957,31.0948,0.274923
86,1,6,17.51,21.1174,21.7634,19.1207,-0.862036
86,1,7,16.33,18.1323,19.099,16.7335,-0.246745
86,1,9,13.04,13.2997,14.6495,12.8143,0.180235
86,1,14,6.27,6.09618,7.51992,6.57565,-0.475265
86,1,22,2.43,1.74824,2.58596,2.26115,0.76169
86,2,25.25,25.12,23.5757,23.216,25.4234,-0.122137
86,2,25.5,26.26,24.8868,24.4794,25.8425,0.165361
86,2,26,24.02,26.025,25.624,25.5107,-0.598025
86,2,30,17.93,16.921,17.7836,15.6388,1.49906
86,2,31,12.79,14.5277,15.6068,13.6893,-0.672154
86,2,33,10.32,10.6552,11.9758,10.4878,-0.163684
86,2,38,4.6,4.88394,6.15611,5.38797,-1.4949
86,2,46,1.89,1.40044,2.1218,1.85613,0.185998
86,3,49.25,35.3,28.1927,27.5834,30.3293,1.67742
86,3,49.5,29.1,29.8017,29.126,30.8362,-0.576269
86,3,50,30.47,31.2148,30.5299,30.4412,0.00967773
86,3,54,15.86,20.3397,21.2107,18.686,-1.5476
86,3,55,16.96,17.4634,18.6184,16.3655,0.371719
86,3,57,13.84,12.8087,14.2941,12.5519,1.04992
86,3,62,6.9,5.87106,7.35825,6.46596,0.686345
86,3,70,2.22,1.68385,2.542,2.23714,-0.0781662
87,1,0.5,18.98,18.1183,17.2391,21.0763,-1.01784
87,1,0.75,28.36,23.7545,22.6107,27.3556,0.375784
87,1,1.5,39.91,32.4123,30.9607,36.5257,0.948373
87,1,1.75,36.56,33.5166,32.08,37.6011,-0.283408
87,1,2,42.59,34.0627,32.6805,38.0899,1.20926
87,1,5,33.13,25.832,26.034,29.6355,1.20683
87,1,10,15.31,12.0129,13.5097,15.6061,-0.194161
87,1,12,11.81,8.79272,10.3446,12.0436,-0.198456
87,1,14,11.46,6.43478,7.92032,9.29405,2.38372
87,1,18,5.51,3.4461,4.64282,5.53473,-0.0456683
87,2,24.5,15.47,13.2632,13.4237,16.3677,-0.561184
87,2,24.75,22.82,16.9516,16.9231,20.4453,1.18862
87,2,25.5,22.63,22.5555,22.2598,26.2701,-1.41812
87,2,25.75,22.95,23.246,22.9367,26.9031,-1.50384
87,2,26,28.7,23.5682,23.2718,27.1506,0.584034
87,2,29,22.18,17.7442,18.3013,20.8728,0.640881
87,2,34,9.95,8.24772,9.49978,10.9703,-0.951473
87,2,36,8.59,6.03681,7.27823,8.46164,0.155145
87,2,38,7.37,4.41793,5.57574,6.52645,1.32154
87,2,42,3.71,2.366,3.27223,3.88256,-0.454026
87,3,48.5,21.05,17.4483,17.2902,21.1566,-0.0515448
87,3,48.75,26.61,22.5759,22.17,26.8507,-0.0917454
87,3,49.5,38.54,30.4068,29.6291,34.9704,1.04475
87,3,49.75,31.92,31.3884,30.5871,35.859,-1.12431
87,3,50,37.48,31.8603,31.0728,36.2154,0.357416
87,3,53,24.44,24.0741,24.5115,27.8387,-1.2495
87,3,58,13.38,11.1929,12.7398,14.6163,-0.865432
87,3,60,9.89,8.19251,9.76611,11.2703,-1.25289
87,3,62,8.8,5.99553,7.48597,8.69003,0.129426
87,3,66,4.74,3.21087,4.39835,5.16645,-0.843672
88,1,0.25,6.36,6.5697,6.24719,6.03808,0.54507
88,1,0.5,10.07,11.4428,10.8801,10.6901,-0.593397
88,1,7,11.61,12.0857,12.6946,12.0509,-0.374283
88,1,9,10.1,8.86477,9.73359,8.50736,1.91469
88,1,11,5.95,6.49008,7.45302,5.97111,-0.0361425
88,1,16,2.36,2.9736,3.82123,2.45304,-0.386977
88,1,22,0.81,1.16542,1.71402,0.843009,-0.396947
89,1,0.75,17.4,18.0034,17.1107,16.347,0.65913
89,1,1.75,27.47,25.403,24.27,25.3552,0.853611
89,1,3,26.41,24.9696,24.2165,26.4184,-0.00324393
89,1,4,23.78,22.4263,22.1156,23.8747,-0.0406023
89,1,6,16.46,16.8942,17.3385,16.8573,-0.241141
89,1,7,12.85,14.5061,15.2116,13.6486,-0.59866
89,1,8,11.48,12.4292,13.3233,10.9019,0.542455
89,1,9,8.93,10.64,11.6613,8.62867,0.357169
89,1,12,3.76,6.66413,7.81033,4.14888,-0.95766
89,1,16,1.56,3.56905,4.57503,1.516,0.295499
89,1,20,0.59,1.91123,2.67976,0.548168,0.769562
89,2,24.75,9.99,13.4104,13.3371,11.5318,-1.36782
89,2,25.75,16.8,18.4122,18.1068,17.7259,-0.534519
89,2,27,15.32,17.9733,17.8503,18.3825,-1.70482
89,2,28,18.65,16.116,16.252,16.5702,1.28433
89,2,30,11.19,12.1293,12.7224,11.6505,-0.404338
89,2,31,9.77,10.4136,11.1619,9.41456,0.386179
89,2,32,8.35,8.92221,9.77784,7.50566,1.1504
89,2,33,5.76,7.63769,8.56015,5.92946,-0.292175
89,2,36,2.69,4.78365,5.73803,2.83511,-0.522458
89,2,40,0.9,2.56194,3.36504,1.02823,-1.26643
89,2,44,0.33,1.37204,1.97337,0.369047,-1.05928
89,3,48.75,18.84,22.4049,21.8553,19.8263,-0.509099
89,3,49.75,33.65,31.2421,30.2863,30.6843,0.989212
89,3,51,27.87,30.6188,29.9799,31.9732,-1.31348
89,3,52,32.4,27.4816,27.3164,28.9211,1.23113
89,3,54,23.42,20.6952,21.3966,20.4796,1.46928
89,3,55,16.85,17.769,18.7767,16.6114,0.14699
89,3,56,12.93,15.2247,16.4528,13.2947,-0.280644
89,3,57,10.72,13.033,14.4078,10.5448,0.169959
89,3,60,5.72,8.16294,9.6661,5.10555,1.23009
89,3,64,1.74,4.37176,5.67517,1.88448,-0.781424
89,3,68,0.76,2.34126,3.33195,0.68866,1.04786
90,1,1,24.66,21.9355,20.8458,22.9854,0.745575
90,1,1.25,22.45,24.1396,22.9642,25.3733,-1.1791
90,1,1.75,30.65,26.4614,25.2587,27.9498,0.988737
90,1,2,24.07,26.8928,25.7292,28.4543,-1.57697
90,1,5,22.44,20.3944,20.4763,21.4762,0.459287
90,1,6,19.62,17.5981,18.0367,18.3903,0.684239
90,1,16,3.44,3.71776,4.75484,3.51285,-0.211813
90,1,20,1.93,1.9909,2.78415,1.80462,0.708041
90,1,22,1.24,1.45691,2.13045,1.29325,-0.41882
91,1,1.25,10.07,17.0589,16.2146,10.5935,-0.505564
91,1,1.5,11.13,18.0836,17.2137,11.6893,-0.489486
91,1,4,14.86,16.5092,16.2422,14.6902,0.11829
91,1,5,13.72,14.4127,14.4518,14.1398,-0.303805
91,1,6,10.05,12.4366,12.7288,13.317,-2.50997
91,1,10,10.93,6.70235,7.48531,9.72802,1.26387
91,1,11,8.95,5.7343,6.54777,8.94083,0.0104862
91,1,14,6.75,3.59016,4.3819,6.92247,-0.254756
91,1,18,4.84,1.92265,2.56483,4.91333,-0.152544
91,1,20,4.06,1.40683,1.96224,4.13886,-0.19468
91,2,25.25,18.79,26.6827,25.796,18.8846,-0.0512653
91,2,25.5,19.3,28.2231,27.2789,20.5015,-0.599729
91,2,28,24.47,25.6236,25.4546,24.5374,-0.0280953
91,2,29,24.36,22.3636,22.634,23.5138,0.36828
91,2,30,17.39,19.2952,19.9325,22.0948,-2.17915
91,2,34,18.59,10.3979,11.731,16.1131,1.57289
91,2,35,15.56,8.89613,10.2646,14.8125,0.516353
91,2,38,11.83,5.56973,6.87518,11.48,0.311936
91,2,42,7.39,2.98284,4.02887,8.1607,-0.965864
91,2,44,5.82,2.18285,3.08412,6.87981,-1.57516
91,3,49.25,26.25,32.1725,31.3131,23.9955,0.961545
91,3,49.5,25.81,34.0086,33.0617,25.9052,-0.037621
91,3,52,31.84,30.8278,30.69,30.4182,0.478379
91,3,53,31.91,26.9032,27.2808,29.0882,0.992851
91,3,54,29.32,23.211,24.0245,27.3019,0.756514
91,3,58,21.73,12.5078,14.1521,19.8979,0.942254
91,3,59,19.15,10.7012,12.3865,18.2956,0.477893
91,3,62,12.51,6.69987,8.3036,14.1915,-1.21234
91,3,66,10.15,3.58808,4.87155,10.1014,0.0492591
91,3,68,9.61,2.62577,3.73136,8.5215,1.30644
92,1,0.75,38.38,22.2542,21.1032,34.4078,1.18161
92,1,1,33.13,26.03,24.6981,39.2358,-1.59282
92,1,1.5,47.81,30.3654,28.8812,43.3797,1.04534
92,1,3,39.33,30.8643,29.8409,38.2091,0.300264
92,1,9,10.95,13.1519,14.3444,10.6637,0.274634
92,1,10,8.29,11.2543,12.548,8.53652,-0.29536
92,2,24.75,28.85,20.6259,20.2891,30.2035,-0.45864
92,2,25,30.69,23.8901,23.3771,34.3033,-1.07811
92,2,25.5,38.4,27.6042,26.9132,37.9132,0.131415
92,2,27,36.48,27.831,27.412,33.5847,0.882345
92,2,33,10.2,11.8336,13.133,9.37951,0.89476
92,2,34,6.67,10.126,11.4914,7.51144,-1.14557
92,3,48.75,37.47,21.7634,21.4045,32.3552,1.61797
92,3,49,32,25.2438,24.6926,36.6885,-1.30799
92,3,49.5,38.69,29.2094,28.4475,40.432,-0.440993
92,3,51,33.23,29.4849,28.9579,35.6313,-0.68979
92,3,57,10.73,12.5411,13.8787,9.96242,0.788123
92,3,58,7.89,10.7315,12.1473,7.98492,-0.121577
93,1,1,20.25,17.2561,16.3599,20.2171,0.0166759
93,1,1.5,22.72,20.1306,19.1295,22.8487,-0.0576425
93,1,1.75,23.02,20.817,19.8172,23.2416,-0.0975992
93,1,2,25.19,21.1564,20.1843,23.2258,0.865482
93,1,3,18.75,20.4619,19.7616,20.9296,-1.06574
93,1,4,16.17,18.3777,18.0393,17.4368,-0.743418
93,1,5,14.37,16.0441,16.0477,14.0776,0.212544
93,1,10,4.87,7.461,8.30403,4.35433,1.21009
93,1,11,3.42,6.38338,7.26259,3.43052,-0.0313239
93,1,22,0.24,1.14622,1.66171,0.24893,-0.355344
94,1,0.25,5.59,7.00768,6.63676,5.25386,0.653969
94,1,0.5,8.87,12.2057,11.5559,8.93858,-0.0784737
94,1,0.75,10.93,16.0025,15.1525,11.489,-0.497735
94,1,2,15.24,22.9395,21.8746,15.6663,-0.278402
94,1,3,14.1,22.187,21.4139,15.2479,-0.770271
94,1,4,12.49,19.9283,19.5456,14.1387,-1.19312
94,1,8,11.37,11.0458,11.7522,9.73731,1.71512
94,1,14,5.34,4.33423,5.25819,5.49557,-0.28938
94,1,16,4.34,3.17184,4.02061,4.54144,-0.453276
95,1,0.25,9.73,10.5116,9.94848,9.17498,0.61874
95,1,0.5,14.46,18.3091,17.3215,15.2015,-0.499111
95,1,1.25,24.46,30.8982,29.2734,22.9435,0.676419
95,1,1.75,23.18,33.8692,32.1874,24.0202,-0.357962
95,1,3,22.28,33.291,32.0874,22.6392,-0.162371
95,1,5,16.66,26.1037,26.0461,18.5804,-1.05766
95,1,7,13.02,19.3407,20.1072,15.0589,-1.38537
95,1,11,10.49,10.3859,11.7742,9.87691,0.634947
95,1,14,5.21,6.50248,7.87075,7.19824,-2.82449
95,1,20,4.43,2.5484,3.51676,3.82328,1.62108
95,2,24.25,12.63,12.0433,12.1904,11.8418,0.680916
95,2,24.5,16.95,19.9506,19.6719,17.937,-0.563076
95,2,25.25,21.78,32.6553,31.6723,25.6361,-1.53943
95,2,25.75,29.82,35.6006,34.5048,26.6041,1.23715
95,2,27,26.65,34.8264,34.0961,24.9178,0.711446
95,2,29,22.5,27.2647,27.5899,20.4326,1.03545
95,2,31,17.04,20.1957,21.2955,16.566,0.292765
95,2,35,10.24,10.8445,12.4822,10.8752,-0.597466
95,2,38,8.78,6.78958,8.35125,7.93113,1.09459
95,2,44,3.81,2.66093,3.73795,4.21827,-0.98891
96,1,1,12.59,18.426,17.4278,11.6218,0.852256
96,1,1.25,11.88,20.2774,19.1948,13.273,-1.07377
96,1,1.5,14.63,21.4952,20.3739,14.5827,0.0332127
96,1,1.75,13.14,22.2281,21.1042,15.6078,-1.61787
96,1,2,17.41,22.5905,21.4931,16.397,0.632129
96,1,3,19.91,21.8489,21.0355,17.9023,1.14758
96,1,6,14.74,14.7827,15.0287,16.1721,-0.906124
96,1,7,14.34,12.693,13.1764,15.0913,-0.509399
96,1,9,15.44,9.31011,10.0878,12.9794,1.93961
96,1,10,11.56,7.96677,8.82125,12.0054,-0.379526
96,1,12,9.89,5.83121,6.74331,10.2528,-0.36199
97,1,1.5,13.15,17.0601,16.1559,14.0122,-0.629547
97,1,2,16.65,17.9297,17.0423,16.0446,0.386067
97,1,5,19,13.5971,13.5318,17.4643,0.899795
97,1,10,12.33,6.32303,6.98893,11.426,0.809412
97,1,12,8.47,4.62808,5.34162,9.32498,-0.937826
97,1,18,5.89,1.81384,2.38412,5.08504,1.61796
97,2,25.5,20.97,30.9176,29.6622,27.4253,-2.40898
97,2,26,35.33,32.4185,31.1563,30.8776,1.47583
97,2,29,32.84,24.5185,24.5854,32.6654,0.0547208
97,2,34,22.54,11.4002,12.707,21.2171,0.638067
97,2,36,16.44,8.34428,9.71743,17.3557,-0.539874
97,2,42,8.08,3.27036,4.34468,9.3878,-1.42493
98,1,0.5,12.63,18.3091,17.2844,12.6037,0.0213465
98,1,1,17.08,28.0772,26.515,19.338,-1.19486
98,1,1.5,26.4,32.7534,30.9928,22.6096,1.71565
98,1,1.75,20.91,33.8694,32.1015,23.4223,-1.0977
98,1,2,24.67,34.4213,32.6909,23.8567,0.348913
98,1,7,13.28,19.3408,20.0203,14.6949,-0.985166
98,1,16,4.43,4.75859,5.97608,4.44032,-0.0237535
99,1,0.5,21.53,16.0204,15.1131,21.0281,0.24428
99,1,0.75,26.41,21.004,19.8131,26.2289,0.0706513
99,1,1,30.1,24.5676,23.1823,29.3642,0.256468
99,1,5,22.55,22.8412,22.6764,22.4712,0.0358855
99,1,7,14.83,16.9234,17.4924,17.0997,-1.35821
99,1,11,10.31,9.08784,10.2277,9.88579,0.438945
99,1,14,6.67,5.68976,6.82933,6.5537,0.181445
100,1,0.25,17.36,9.74513,9.19201,15.229,1.4318
100,1,0.75,30.43,22.2542,20.9767,33.34,-0.893352
100,1,2,37.96,31.9114,30.2513,43.1842,-1.23826
100,1,3,42.08,30.8638,29.593,38.647,0.909219
100,1,4,28.91,27.7203,26.9934,32.1922,-1.04352
100,1,6,22.23,20.8825,21.1166,20.9395,0.630673
100,1,12,4.91,8.23739,9.45361,5.35879,-0.856051
100,1,18,1.31,3.22843,4.2123,1.36219,-0.389854
100,1,20,0.92,2.36238,3.21729,0.862496,0.676024
100,2,24.25,10.74,8.44344,8.66189,11.526,-0.69762
100,2,24.75,23.58,17.6256,17.2979,24.8516,-0.523655
100,2,26,36.56,24.5808,23.8714,32.1449,1.40579
100,2,27,30.99,23.6711,23.1751,28.8087,0.774945
100,2,28,23.05,21.2272,21.0792,24.0315,-0.417985
100,2,30,16.2,15.9771,16.4673,15.67,0.346107
100,2,36,3.88,6.30126,7.38159,4.03484,-0.392059
100,2,42,1.14,2.46964,3.2948,1.03314,1.05048
100,2,44,0.61,1.8073,2.51798,0.656049,-0.709579