id,OCC,time,y1,popPred_medianCOV,popPred,indivPred_SAEM,indWRes_SAEM
1,1,0.25,19.11,9.35237,9.35374,18.2887,0.459487
1,1,1,47.47,24.9007,24.8811,46.3746,0.241738
1,1,1.25,42.02,27.3794,27.3508,49.7824,-1.59586
1,1,1.5,56.79,29.0016,28.9647,51.2612,1.10388
1,1,1.75,53.45,29.9702,29.9261,51.7493,0.336363
1,1,2,49.1,30.4416,30.3913,51.7332,-0.52094
1,1,3,43.02,29.4017,29.3387,45.102,-0.472446
1,1,6,21.7,19.9069,19.8599,20.7228,0.482487
1,1,7,17.18,17.1091,17.0707,15.5704,1.0576
1,1,10,6.52,10.775,10.7559,6.44858,0.113215
1,1,16,1.15,4.2543,4.25114,1.09104,0.548444
1,1,20,0.27,2.28915,2.28904,0.333427,-1.89347
1,1,22,0.19,1.67916,1.67966,0.184248,0.303967
1,2,24.25,13.54,9.54736,9.56774,16.3766,-1.7721
1,2,25,40.04,23.3145,23.3191,41.1841,-0.284306
1,2,25.25,51.97,25.488,25.4777,44.3659,1.75415
1,2,25.5,45.52,26.8987,26.8732,45.9952,-0.105737
1,2,25.75,51.81,27.7265,27.6869,46.4714,1.17574
1,2,26,49.79,28.1115,28.0594,46.1024,0.818645
1,2,27,38.78,27.0531,26.9716,40.149,-0.348965
1,2,30,17.09,18.2804,18.2179,18.7874,-0.924402
1,2,31,15.17,15.71,15.6613,14.1354,0.748746
1,2,34,5.91,9.89333,9.87545,5.91976,-0.0168578
1,2,40,0.85,3.90617,3.91021,1.02507,-1.73229
1,2,44,0.35,2.10157,2.10768,0.31827,0.991037
1,2,46,0.19,1.54126,1.54724,0.177348,0.693256
2,1,0.25,25.97,9.79248,9.78781,25.8761,0.0371296
2,1,0.5,37,17.0363,17.0217,40.655,-0.920092
2,1,0.75,48.77,22.3121,22.2851,48.0541,0.152463
2,1,1.25,50.12,28.6678,28.6155,50.1572,-0.00758973
2,1,1.5,49.89,30.3663,30.3029,47.8255,0.441809
2,1,2,41.62,31.8739,31.7929,40.5885,0.2601
2,1,3,25.36,30.7851,30.6875,25.4378,-0.0312797
2,1,5,7.9,24.138,24.0484,8.22496,-0.403971
2,1,9,0.76,13.169,13.1194,0.738419,0.295385
2,1,10,0.36,11.2821,11.2401,0.402224,-1.04987
2,1,11,0.22,9.66405,9.62849,0.219102,0.0402014
2,1,14,0.04,6.07233,6.05081,0.0353483,1.06229
2,2,24.25,21.39,7.95276,7.95991,17.7963,2.06601
2,2,24.5,27.63,12.8691,12.8758,27.9492,-0.116857
2,2,24.75,31.95,16.4383,16.4367,33.0187,-0.331239
2,2,25.25,31.07,20.7055,20.6776,34.4326,-0.999402
2,2,25.5,31.12,21.8283,21.7867,32.8237,-0.531176
2,2,26,25.39,22.7841,22.719,27.8491,-0.903616
2,2,27,18.12,21.9029,21.8124,17.4529,0.391085
2,2,29,6.14,17.1337,17.0487,5.65165,0.883053
2,2,33,0.54,9.34352,9.30484,0.510128,0.588508
2,2,34,0.26,8.00468,7.97418,0.278254,-0.649434
2,2,35,0.17,6.85666,6.83285,0.151732,1.16001
2,2,38,0.02,4.30832,4.29782,0.0246041,-1.38288
3,1,0.25,6.7,10.8928,10.8808,7.89572,-1.54838
3,1,0.5,15.17,18.9505,18.9217,13.5984,1.18225
3,1,0.75,16.62,24.8191,24.7716,17.6502,-0.597194
3,1,1.5,22.89,33.778,33.6799,23.5236,-0.275628
3,1,3,24.36,34.2437,34.0999,23.4194,0.410959
3,1,7,13.6,19.9269,19.8201,13.9672,-0.268951
3,1,8,12.01,17.0923,16.9987,12.1151,-0.0887513
3,1,11,8.04,10.7498,10.6881,7.89302,0.190389
3,2,24.25,6.48,7.76208,7.75872,5.8374,1.12506
3,2,24.5,8.6,12.429,12.4221,9.14763,-0.612187
3,2,24.75,12.81,15.8152,15.7977,11.4856,1.17944
3,2,25.5,12.98,20.9198,20.8589,14.8109,-1.26462
3,2,27,15.09,20.9566,20.8458,14.535,0.390651
3,2,31,8.62,12.1565,12.0789,8.62321,-0.00380058
3,2,32,7.52,10.4266,10.3616,7.47616,0.0599475
3,2,35,4.76,6.55736,6.52033,4.86437,-0.219201
4,1,1,24.1,28.4162,28.3306,26.7192,-1.00313
4,1,1.25,30.68,31.2448,31.1391,30.0389,0.21841
4,1,1.5,34.97,33.096,32.9729,32.5111,0.773988
4,1,5,30.5,26.3078,26.142,33.0346,-0.785189
4,1,10,21.63,12.2962,12.2028,20.4808,0.574137
4,1,12,19.39,9.02162,8.94927,16.7693,1.59889
4,1,14,13.26,6.61819,6.56234,13.726,-0.347266
4,1,16,10.86,4.8549,4.81191,11.2341,-0.340628
4,1,18,8.66,3.56141,3.52838,9.19453,-0.594507
5,1,0.25,5.42,5.94145,5.9275,5.67405,-0.457566
5,1,0.5,8.59,10.3364,10.3069,9.86209,-1.31914
5,1,1,16.16,15.8178,15.7584,15.1099,0.711013
5,1,1.25,15.14,17.3904,17.3181,16.6459,-0.925544
5,1,1.5,17.58,18.4198,18.3363,17.6834,-0.0597992
5,1,2,18.9,19.333,19.2324,18.7173,0.0998687
5,1,9,10.31,7.98881,7.91543,10.163,0.147882
5,1,16,4.06,2.70229,2.67108,4.71329,-1.41602
5,1,22,2,1.06661,1.05216,2.4392,-1.83608
5,2,24.25,7.72,6.58413,6.57257,7.5096,0.286441
5,2,24.5,11.54,10.868,10.847,11.5869,-0.0414243
5,2,25,15.01,16.193,16.1399,16.6405,-1.00245
5,2,25.25,22.63,17.7113,17.6409,18.0947,2.56442
5,2,25.5,21.08,18.6975,18.611,19.0595,1.08468
5,2,26,20.04,19.5477,19.4349,19.9724,0.034636
5,2,33,10.61,8.03418,7.95541,10.8061,-0.185559
5,2,40,4.2,2.7176,2.69019,5.07649,-1.76413
5,2,46,3.35,1.07277,1.06173,2.6563,2.66384
6,1,1.25,36.53,29.6343,29.4881,37.6625,-0.307736
6,1,3,39.38,31.8233,31.5916,39.6989,-0.0822135
6,1,4,39.16,28.572,28.3382,36.919,0.62122
6,1,5,37.79,24.9519,24.7301,33.9272,1.16517
6,1,6,28.51,21.5464,21.3421,31.0743,-0.844482
6,1,9,24.24,13.613,13.4634,23.7942,0.191694
6,1,10,20.93,11.6625,11.5288,21.765,-0.392568
6,1,18,10.24,3.37787,3.32668,10.6667,-0.409139
6,1,20,9.11,2.47795,2.43812,8.92479,0.212213
6,2,25.25,44.49,30.724,30.5748,43.2131,0.302423
6,2,27,42.16,32.6493,32.3699,44.4395,-0.524969
6,2,28,44.69,29.28,28.9955,41.267,0.848925
6,2,29,37.98,25.5589,25.2919,37.9194,0.0163622
6,2,30,35.15,22.0666,21.8258,34.7412,0.120418
6,2,33,22.44,13.9401,13.7773,26.6374,-1.61246
6,2,34,27.45,11.9426,11.801,24.3769,1.28998
6,2,42,13.98,3.459,3.41346,11.9911,1.69655
6,2,44,10.06,2.53742,2.50318,10.0422,0.018133
6,3,49.25,49.08,31.3944,31.2383,44.8793,0.957941
6,3,51,43.11,33.361,33.0437,45.8775,-0.617396
6,3,52,46.41,29.9181,29.5965,42.5522,0.927854
6,3,53,35.68,26.1159,25.8185,39.0708,-0.888196
6,3,54,36.04,22.5475,22.2844,35.7746,0.0759184
6,3,57,25.76,14.2439,14.0781,27.3856,-0.607445
6,3,58,25.69,12.2029,12.0623,25.0486,0.262035
6,3,66,11.1,3.53438,3.49745,12.27,-0.97535
6,3,68,10.55,2.59271,2.56633,10.265,0.283951
7,1,0.75,13.12,17.7995,17.7155,13.02,0.0785825
7,1,1,16.43,20.7996,20.6908,15.4841,0.624942
7,1,1.25,15.91,22.8702,22.7396,17.302,-0.823146
7,1,1.5,18.74,24.2253,24.0761,18.6005,0.0767594
7,1,3,18.36,24.5599,24.3559,20.0945,-0.883185
7,1,5,17.35,19.2568,19.0607,16.3317,0.637873
7,1,8,10.3,12.2585,12.1091,10.4685,-0.164573
7,1,9,9.03,10.5059,10.3715,8.95118,0.0900477
7,1,18,2.29,2.60686,2.55972,2.14527,0.687576
7,1,20,1.42,1.91223,1.87541,1.56119,-0.920185
8,1,0.75,9.29,13.5372,13.4638,9.05429,0.266207
8,1,1.5,11.97,18.4198,18.2914,12.7839,-0.651239
8,1,5,13.57,14.6424,14.4744,12.7381,0.668044
8,1,6,10.88,12.6442,12.4884,11.8274,-0.819351
8,1,16,5.36,2.70229,2.64935,5.33042,0.0567082
9,1,0.5,9.55,13.5908,13.5161,8.98069,0.648243
9,1,1.25,13.48,22.8701,22.704,16.2044,-1.72006
9,1,2,19.09,25.4285,25.2061,19.0927,-0.00146919
9,1,4,19.92,22.0505,21.7934,18.4465,0.817297
9,1,7,11.71,14.2915,14.082,13.119,-1.09861
9,1,8,11.9,12.2585,12.0681,11.521,0.336495
9,1,9,11.28,10.5058,10.3337,10.0948,1.20068
9,1,14,4.64,4.84433,4.74458,5.1649,-1.03843
9,1,20,2.36,1.91222,1.86328,2.30463,0.244927
10,1,0.5,14.28,10.9106,10.8434,14.5606,-0.197168
10,1,0.75,20.26,14.2893,14.1918,19.04,0.655602
10,1,1,18.6,16.6966,16.5722,22.1903,-1.65556
10,1,1.75,26.52,20.0917,19.9083,26.3418,0.0692267
10,1,5,16.88,15.4558,15.2387,17.7295,-0.490241
10,1,6,13.95,13.3467,13.1444,14.493,-0.3833
10,1,10,5.74,7.22439,7.08601,6.19047,-0.743774
10,1,11,5.32,6.18831,6.06379,4.99074,0.674072
10,1,18,1.19,2.09245,2.0363,1.10162,0.814301
10,1,20,0.68,1.53496,1.49084,0.715242,-0.497793
10,2,24.5,19.55,14.3537,14.2695,18.5952,0.525336
10,2,24.75,23.33,18.5324,18.4112,24.1949,-0.365777
10,2,25,32.13,21.5027,21.3444,28.116,1.46097
10,2,25.75,31.67,25.6549,25.4042,33.2141,-0.475768
10,2,29,25.01,19.6312,19.3214,22.1796,1.3058
10,2,30,18.61,16.9495,16.6655,18.1099,0.282508
10,2,34,6.98,9.17347,8.99252,7.71061,-0.968769
10,2,35,7.32,7.85784,7.69756,6.21205,1.82298
10,2,42,1.24,2.65696,2.59042,1.36563,-0.935228
10,2,44,0.88,1.94861,1.89768,0.885774,-0.0660186
11,1,0.5,7.54,10.7192,10.6461,8.1096,-0.718163
11,1,1.25,14.89,18.0345,17.8755,15.1067,-0.146743
11,1,1.5,16.65,19.1021,18.9223,16.5192,0.0810015
11,1,3,22.32,19.3646,19.1244,19.8939,1.24782
11,1,6,18.82,13.1125,12.8952,17.8681,0.545075
11,1,7,14.69,11.2698,11.0699,16.7302,-1.24762
11,1,8,14.76,9.66678,9.48441,15.6074,-0.555466
11,1,10,13.88,7.09765,6.94809,13.5227,0.270298
11,1,12,11.27,5.20747,5.0864,11.6938,-0.37069
11,1,18,8.15,2.05574,1.9946,7.54954,0.81316
11,2,24.5,13.98,15.2973,15.1971,15.6939,-1.11725
11,2,25.25,20.7,25.1418,24.9157,24.9258,-1.73481
11,2,25.5,31.55,26.5658,26.3045,26.7588,1.83226
11,2,27,35.02,26.789,26.4171,30.8718,1.37506
11,2,30,24.45,18.1145,17.785,27.347,-1.08404
11,2,31,26.96,15.5679,15.2698,25.5829,0.550832
11,2,32,25.08,13.3531,13.0858,23.8555,0.525251
11,2,34,21.26,9.80406,9.59172,20.6619,0.296205
11,2,36,15.45,7.19312,7.02589,17.8654,-1.38329
11,2,42,12.25,2.8396,2.76018,11.5325,0.636351
12,1,0.25,10.87,7.81193,7.75958,11.2954,-0.385167
12,1,0.75,23.4,17.7989,17.6527,23.547,-0.0639009
12,1,1,29.46,20.7975,20.612,26.5377,1.12684
12,1,2,27.29,25.4192,25.1294,29.4621,-0.754468
12,1,3,26.83,24.5515,24.2218,27.4046,-0.214555
12,1,4,22.43,22.0442,21.7107,24.5365,-0.878506
12,1,5,20.17,19.252,18.932,21.7637,-0.749295
12,1,7,13.89,14.2885,14.0131,17.0315,-1.88714
12,1,9,14.48,10.5038,10.2752,13.3156,0.894542
12,1,11,10.66,7.70823,7.52169,10.4097,0.245883
12,1,18,4.4,2.60638,2.52131,4.39756,0.00566791
12,1,22,2.55,1.40258,1.35009,2.68763,-0.522374
12,2,24.25,14.61,9.24207,9.16544,14.0575,0.402056
12,2,24.75,28.05,19.7155,19.5495,26.9296,0.425727
12,2,25,31.97,22.8479,22.6369,30.0339,0.659703
12,2,26,28.74,27.6046,27.2589,32.8862,-1.29024
12,2,27,33.89,26.5797,26.1779,30.5065,1.13502
12,2,28,20.77,23.8383,23.4316,27.3033,-2.44864
12,2,29,28.98,20.8093,20.423,24.2238,2.00911
12,2,31,20.43,15.4401,15.1179,18.9737,0.785288
12,2,33,16.71,11.3498,11.0907,14.8486,1.28244
12,2,35,11.33,8.32897,8.12343,11.6197,-0.254987
12,2,42,5.4,2.81626,2.72881,4.92569,0.983823
12,2,46,2.74,1.5155,1.46296,3.01634,-0.934899
13,1,1.75,31.78,31.0285,30.6665,31.7995,-0.00628164
13,1,4,26.14,27.3299,26.885,26.9904,-0.322409
13,1,6,20,20.6097,20.21,20.0268,-0.0137082
13,1,10,10.05,11.1555,10.8778,10.6125,-0.542089
13,1,11,7.59,9.55562,9.30495,9.04661,-1.6465
13,1,12,9.39,8.18466,7.95903,7.71152,2.22537
13,1,20,2.03,2.37002,2.27958,2.1493,-0.565693
14,1,0.5,13.31,12.8251,12.7123,14.8648,-1.07005
14,1,0.75,18.12,16.7967,16.6352,19.4713,-0.710072
14,1,1.75,27.78,23.6243,23.3287,27.3174,0.173274
14,1,2,26.83,23.9961,23.6803,27.7077,-0.324141
14,1,4,23.15,20.8083,20.4455,23.5528,-0.175011
14,1,8,11.68,11.5679,11.292,12.3211,-0.532221
14,1,18,2.03,2.46003,2.36571,2.21936,-0.869716
14,1,20,1.52,1.80445,1.73084,1.57477,-0.353899
14,2,24.5,23.13,18.5071,18.3434,21.261,0.899469
14,2,24.75,28.37,23.9254,23.696,27.5763,0.294542
14,2,25.75,39.26,33.1672,32.7254,38.216,0.279592
14,2,26,42.85,33.6481,33.1713,38.7179,1.09222
14,2,28,33.59,29.0849,28.5242,32.8473,0.231405
14,2,32,18.93,16.1609,15.7551,17.2875,0.972043
14,2,42,3.41,3.43671,3.3104,3.17656,0.750052
14,2,44,2.31,2.52107,2.42262,2.26298,0.211817
15,1,0.25,5.63,5.7214,5.67242,5.28526,0.666507
15,1,0.5,10.47,9.95352,9.8594,8.98135,1.69493
15,1,1,12.88,15.2319,15.0624,13.155,-0.213808
15,1,1.25,13.81,16.7463,16.5468,14.1704,-0.260156
15,1,1.5,13.12,17.7376,17.5132,14.7195,-1.11169
15,1,2,13.29,18.6169,18.3554,14.8977,-1.10401
15,1,3,13.34,17.9814,17.6849,13.4993,-0.120689
15,1,8,6.57,8.9763,8.74728,5.29277,2.46585
15,1,11,2.87,5.64547,5.47444,2.91862,-0.169985
15,1,16,1.12,2.6022,2.5029,1.08154,0.360856
15,1,18,0.65,1.90887,1.83006,0.727085,-1.07131
15,2,24.25,6.35,8.31675,8.23196,7.17792,-1.17916
15,2,24.5,11.68,13.9035,13.7668,12.0424,-0.307785
15,2,25,19.07,20.8546,20.6157,17.5331,0.896816
15,2,25.25,19.26,22.8397,22.5557,18.8673,0.212962
15,2,25.5,19.8,24.132,23.8088,19.5869,0.111302
15,2,26,17.7,25.2545,24.8708,19.8131,-1.09125
15,2,27,17.24,24.3319,23.889,17.9518,-0.405685
15,2,32,6.64,12.1279,11.802,7.05779,-0.605158
15,2,35,3.38,7.62748,7.39256,3.89917,-1.3597
15,2,40,1.57,3.51578,3.385,1.4494,0.846217
15,2,42,0.99,2.57907,2.47658,0.975603,0.14961
15,3,48.25,8.67,9.12103,9.029,7.8222,1.10814
15,3,48.5,12.51,15.105,14.9579,13.0701,-0.438369
15,3,49,21.03,22.5452,22.2812,18.9701,1.11104
15,3,49.25,19.25,24.6674,24.3501,20.3932,-0.573586
15,3,49.5,18.52,26.0467,25.6825,21.1533,-1.27375
15,3,50,21.41,27.2382,26.8011,21.368,0.0201301
15,3,51,19.22,26.2268,25.7191,19.3205,-0.0532296
15,3,56,7.6,13.0675,12.7109,7.55032,0.0672649
15,3,59,4.31,8.21833,7.96893,4.15873,0.371504
15,3,64,1.57,3.78812,3.65447,1.53818,0.210439
15,3,66,0.96,2.77885,2.67536,1.03329,-0.719509
16,1,0.5,8.11,12.0591,11.9371,7.59841,0.688362
16,1,1.5,14.56,21.4898,21.2005,14.9786,-0.285931
16,1,1.75,13.18,22.2066,21.891,15.8121,-1.70301
16,1,5,14.48,17.0827,16.7112,14.8656,-0.265343
16,1,12,6.17,5.8584,5.65909,6.76577,-0.900138
16,1,14,5.43,4.29768,4.13689,5.35994,0.133564
16,1,20,2.52,1.69654,1.61593,2.66505,-0.55518
16,2,24.5,8.83,12.903,12.7562,9.16788,-0.376876
16,2,25.5,17.02,22.2119,21.8871,16.2472,0.486647
16,2,25.75,17.3,22.9014,22.5452,17.0209,0.167752
16,2,29,15.99,17.5022,17.0822,15.6305,0.235316
16,2,36,7.88,6.00015,5.79313,7.1463,1.0496
16,2,38,5.59,4.40166,4.23745,5.67056,-0.145194
16,2,44,2.89,1.73758,1.65824,2.832,0.208955
17,1,0.75,10.67,12.5344,12.3877,10.8947,-0.210931
17,1,1,13.99,14.6461,14.4616,12.8593,0.899439
17,1,1.25,13.06,16.1022,15.8856,14.2573,-0.859054
17,1,3,15.66,17.2898,16.9695,15.569,0.0597782
17,1,6,11.24,11.7076,11.4146,9.69217,1.63319
17,1,7,7.93,10.0624,9.7912,7.97558,-0.0584357
17,1,8,6.55,8.63106,8.38228,6.52796,0.0345175
17,1,11,3.13,5.42835,5.24193,3.53537,-1.17061
17,1,14,2.01,3.41088,3.27513,1.90498,0.561534
17,2,24.75,17.47,19.4447,19.2126,16.6182,0.524371
17,2,25,19.88,22.5873,22.295,19.5535,0.170861
17,2,25.25,20.19,24.748,24.4018,21.6337,-0.68283
17,2,27,23.79,26.3884,25.8539,23.46,0.143956
17,2,30,14.98,17.8459,17.3663,14.531,0.316122
17,2,31,10.5,15.3371,14.8988,11.9442,-1.23674
17,2,32,8.99,13.1552,12.7579,9.76667,-0.81326
17,2,35,4.63,8.27356,7.98516,5.27585,-1.25088
17,2,38,2.85,5.19862,4.99362,2.83609,0.0500545
17,3,48.75,19.21,24.2947,24.0036,20.5681,-0.675614
17,3,49,25.38,28.1846,27.8132,24.1992,0.499285
17,3,49.25,25.87,30.8572,30.4127,26.7772,-0.346701
17,3,51,29.99,32.8511,32.1479,29.1181,0.306419
17,3,54,20.68,22.2103,21.5929,18.1643,1.41699
17,3,55,15.91,19.0877,18.5292,14.9703,0.642128
17,3,56,11.93,16.3721,15.8709,12.2745,-0.287058
17,3,59,7.1,10.2967,9.94241,6.68618,0.632664
17,3,62,3.83,6.46986,6.2233,3.62479,0.578009
18,1,0.5,4.67,13.2079,13.057,4.75502,-0.182664
18,1,1,7.34,20.2137,19.9442,8.26394,-1.14319
18,1,1.75,10.06,24.3295,23.9428,11.8078,-1.514
18,1,2,12.27,24.7123,24.3001,12.6391,-0.298739
18,1,4,16.61,21.4294,20.9571,15.5127,0.723627
18,1,7,15.45,13.8889,13.4935,14.5133,0.66023
18,1,9,13.09,10.2099,9.87863,13.015,0.0589416
18,1,10,12.73,8.74699,8.44604,12.2436,0.406377
18,1,12,10.1,6.41757,6.17178,10.7697,-0.636027
18,1,16,8.73,3.45357,3.2946,8.25586,0.587223
18,2,24.5,8.25,15.0889,14.8948,9.81541,-1.63102
18,2,25,14,22.5303,22.2079,13.4496,0.418611
18,2,25.75,20.19,26.8449,26.38,17.0405,1.89097
18,2,26,19.54,27.2254,26.7279,17.8612,0.961637
18,2,28,18.39,23.5123,22.9397,20.3908,-1.00396
18,2,31,19.23,15.2291,14.7657,18.6091,0.341385
18,2,33,16.54,11.1947,10.8156,16.6111,-0.0438117
18,2,34,14.57,9.59061,9.24978,15.6091,-0.681035
18,2,36,12.61,7.03651,6.76317,13.7146,-0.82392
18,2,40,12.23,3.78665,3.61472,10.508,1.67605
18,3,48.5,10.89,16.518,16.3157,11.5563,-0.589697
18,3,49,15.96,24.6631,24.3119,15.5071,0.298757
18,3,49.75,19.5,29.3857,28.862,19.3939,0.055997
18,3,50,21.66,29.8022,29.2385,20.2776,0.697529
18,3,52,23.9,25.7374,25.0837,22.9388,0.428757
18,3,55,22.68,16.6703,16.1543,20.8637,0.890739
18,3,57,17.29,12.2541,11.8394,18.6126,-0.727016
18,3,58,18.01,10.4982,10.1285,17.4876,0.305602
18,3,60,16.41,7.70243,7.41012,15.3641,0.696424
18,3,64,9.37,4.14501,3.96534,11.7735,-2.08809
19,1,1.5,43.46,32.4137,31.899,40.5315,0.739451
19,1,4,25.17,29.5036,28.8195,29.7274,-1.56885
19,1,5,25.21,25.7655,25.1064,22.7719,1.09555
19,1,6,16.97,22.249,21.6297,16.9767,-0.00404794
19,1,12,2.66,8.83565,8.47837,2.43159,0.957859
19,1,16,0.6,4.75483,4.52354,0.640869,-0.64329
19,1,20,0.18,2.55871,2.41347,0.168485,0.66233
19,2,25.5,28.11,25.3081,24.8551,30.3629,-0.759331
19,2,28,22.85,22.7837,22.1905,22.0105,0.390263
19,2,29,17.77,19.8851,19.3201,16.7899,0.597241
19,2,30,11.98,17.167,16.6431,12.4656,-0.398503
19,2,36,1.69,6.81629,6.53355,1.74314,-0.310396
19,2,40,0.46,3.66815,3.49019,0.452281,0.171132
19,2,44,0.11,1.97378,1.86419,0.117029,-0.568799
20,1,0.25,9.07,9.68245,9.56962,9.34697,-0.303027
20,1,0.75,18.55,22.0614,21.7572,19.6323,-0.564057
20,1,1,24.14,25.7796,25.3982,22.2092,0.889572
20,1,1.25,27.17,28.3457,27.899,23.7627,1.46722
20,1,1.75,19.91,31.0279,30.4825,24.9858,-2.07876
20,1,4,21.68,27.3294,26.6643,21.4854,0.0926625
20,1,5,21.64,23.8668,23.2258,19.3476,1.2123
20,1,6,16.06,20.6094,20.0069,17.3813,-0.777729
20,1,12,9.98,8.18454,7.83613,9.09527,0.994718
20,1,16,5.48,4.40444,4.17871,5.90507,-0.735699
20,1,18,5.01,3.23098,3.05146,4.75806,0.540958
20,1,20,4.25,2.37016,2.22835,3.83384,1.10843
20,2,24.25,7.52,6.94855,6.8091,7.94413,-0.545879
20,2,24.75,14.69,14.1694,13.9272,13.8845,0.593461
20,2,25,15.17,16.3223,16.0338,15.3405,-0.113718
20,2,25.25,17.98,17.7954,17.4659,16.1939,1.12842
20,2,25.75,14.04,19.3005,18.9069,16.7933,-1.67739
20,2,28,14.21,16.8304,16.3641,14.2665,-0.0404855
20,2,29,11.75,14.6868,14.2434,12.8376,-0.866618
20,2,30,10.65,12.6784,12.2675,11.528,-0.778987
20,2,36,6.77,5.03382,4.81185,6.02054,1.2723
20,2,40,3.63,2.70892,2.56913,3.9038,-0.716223
20,2,42,2.74,1.98718,1.87722,3.1435,-1.31003
20,2,44,2.62,1.45776,1.37167,2.53128,0.357468
21,1,0.75,14.14,12.7851,12.5999,12.494,1.34758
21,1,1.5,13.56,17.3965,17.0921,14.8561,-0.892533
21,1,2,15.3,18.2589,17.9061,14.4577,0.595996
21,1,10,2.53,6.46394,6.20483,2.58213,-0.205924
21,1,12,1.89,4.74253,4.53052,1.63846,1.56253
21,1,14,0.96,3.4791,3.3076,1.03958,-0.776574
21,1,22,0.16,1.00693,0.939029,0.168247,-0.475028
21,2,24.75,12.32,14.1934,13.9674,13.1994,-0.681533
21,2,25.5,14.46,19.0042,18.6425,15.6996,-0.807771
21,2,26,14.06,19.8739,19.4533,15.2936,-0.825177
21,2,34,2.43,7.00049,6.71063,2.76204,-1.22641
21,2,36,1.7,5.13617,4.9028,1.75693,-0.329924
21,2,38,1.27,3.76785,3.58156,1.11757,1.38444
21,2,46,0.18,1.09109,1.01987,0.182963,-0.157595
22,1,0.25,4.06,8.69219,8.58017,4.05579,0.0105992
22,1,0.75,9.96,19.8051,19.5045,10.1016,-0.143324
22,1,1.25,12.85,25.4468,25.0067,14.0503,-0.87389
22,1,1.5,18.06,26.9545,26.4613,15.4317,1.74239
22,1,2,16.7,28.293,27.7217,17.3013,-0.355559
22,1,3,17.87,27.3265,26.6816,18.6179,-0.411023
22,1,4,17.32,24.5346,23.8813,18.1404,-0.462689
22,1,5,14.96,21.4261,20.796,16.8556,-1.15056
22,1,7,12.93,15.9015,15.3518,13.6398,-0.5323
22,1,12,8.31,7.34754,7.00351,7.1981,1.57919
22,1,16,5.23,3.95402,3.73082,4.22816,2.42009
22,1,18,2.89,2.90054,2.72295,3.23743,-1.09537
22,2,24.25,3.73,6.82314,6.67769,4.10528,-0.933618
22,2,24.75,9.06,14.0534,13.7941,8.02476,1.31904
22,2,25.25,10.58,17.688,17.3337,10.5469,0.0321357
22,2,25.5,11.8,18.6437,18.2515,11.4151,0.344885
22,2,26,13.5,19.4558,19.0068,12.5607,0.764888
22,2,27,12.34,18.6999,18.1983,13.2609,-0.710381
22,2,28,13.43,16.7602,16.2575,12.7959,0.506942
22,2,29,12.42,14.6267,14.1479,11.8199,0.519304
22,2,31,8.77,10.8511,10.444,9.49835,-0.784185
22,2,36,4.99,5.01351,4.77112,4.96595,0.0494883
22,2,40,2.69,2.69799,2.54474,2.90037,-0.740072
22,2,42,2.15,1.97916,1.85844,2.2148,-0.298235
22,3,48.25,5.03,10.1041,9.95647,5.33868,-0.590827
22,3,48.75,9.9,22.002,21.6599,11.8052,-1.6507
22,3,49.25,16.41,28.015,27.5014,15.9952,0.265338
22,3,49.5,19.49,29.6116,29.028,17.4488,1.19683
22,3,50,20.32,31.003,30.3125,19.3924,0.489404
22,3,51,20.53,29.8819,29.0886,20.6771,-0.0728144
22,3,52,18.01,26.8096,26.0087,20.0483,-1.04026
22,3,53,18.11,23.4065,22.6444,18.5716,-0.254298
22,3,55,16.92,17.3687,16.727,14.9732,1.33009
22,3,60,7,8.02523,7.65305,7.86549,-1.12505
22,3,64,4.79,4.31873,4.08686,4.60861,0.402077
22,3,66,3.3,3.16809,2.98649,3.52483,-0.651201
23,1,0.25,12.03,6.71165,6.62101,12.599,-0.461978
23,1,0.5,20.58,11.6763,11.5045,19.7579,0.425728
23,1,2,20.4,21.8391,21.3788,21.5917,-0.564757
23,1,10,1.09,7.73136,7.3923,1.02868,0.604642
23,1,14,0.22,4.16124,3.93649,0.214653,0.244228
23,1,16,0.09,3.05258,2.87234,0.0981687,-0.776809
23,1,22,0.01,1.20505,1.11589,0.00939093,0.330438
23,2,24.25,13.89,8.66257,8.50691,14.6616,-0.53836
23,2,24.5,24.74,14.4073,14.1663,22.9927,0.777613
23,2,26,28.28,26.0663,25.469,25.1699,1.26441
23,2,34,1.09,9.18577,8.77078,1.22039,-1.08528
23,2,38,0.31,4.94403,4.67623,0.257898,1.99477
23,2,40,0.11,3.62681,3.41421,0.118555,-0.683977
23,2,46,0.01,1.43103,1.32822,0.0115128,-0.737758
23,3,48.25,16.25,9.26195,9.09754,15.566,0.449538
23,3,48.5,25.71,15.3261,15.0721,24.3593,0.567402
23,3,50,23.68,27.6197,26.9638,26.4566,-1.07396
23,3,58,1.2,9.72787,9.2901,1.27782,-0.618851
23,3,62,0.27,5.2358,4.95916,0.269963,0.00136982
23,3,64,0.14,3.84085,3.623,0.12408,1.22019
23,3,70,0.01,1.51618,1.41268,0.0120442,-0.972315
24,1,0.75,14.93,23.0642,22.6821,17.6467,-1.57509
24,1,1.25,24.86,29.6342,29.0761,24.8328,0.0112086
24,1,5,35.1,24.9518,24.1546,32.2986,0.887617
24,1,7,27.96,18.5182,17.8217,27.1903,0.289669
24,1,8,24.33,15.884,15.2432,24.5531,-0.0929782
24,1,9,20.28,13.6129,13.027,22.0578,-0.824697
24,1,11,19.85,9.98986,9.50634,17.658,1.27008
24,1,18,7.19,3.37786,3.15201,7.92,-0.942404
24,1,22,4.94,1.8177,1.67735,4.99651,-0.115557
24,2,24.75,15.61,14.221,13.9218,13.7236,1.40617
24,2,25.25,16.04,17.8431,17.4427,17.6004,-0.907071
24,2,29,24.06,14.7136,14.1864,20.5245,1.76251
24,2,31,17.38,10.9148,10.4662,17.1413,0.142493
24,2,32,15.05,9.36163,8.95381,15.4472,-0.263043
24,2,33,12.37,8.02296,7.65404,13.8579,-1.09833
24,2,35,11.46,5.88756,5.58877,11.0743,0.356201
24,2,42,5.4,1.99075,1.85705,4.95308,0.921899
24,2,46,3,1.07126,0.989419,3.12087,-0.395251
25,1,0.25,7.94,5.94145,5.8539,8.51971,-0.695767
25,1,0.5,12.25,10.3364,10.1707,14.1236,-1.35704
25,1,1,20.58,15.8178,15.5259,19.8536,0.374344
25,1,3,19.81,18.673,18.1754,18.8993,0.49305
25,1,6,9.26,12.6442,12.1862,11.0926,-1.68978
25,1,10,5.57,6.84416,6.51828,5.27485,0.571762
25,1,11,3.98,5.86261,5.56711,4.37961,-0.93201
25,1,12,3.8,5.02149,4.75443,3.6363,0.459642
25,1,16,1.74,2.70229,2.52877,1.72801,0.0706345
25,1,18,1.2,1.9823,1.84418,1.19118,0.0751864
25,2,24.25,13.63,10.3252,10.1408,14.2544,-0.448129
25,2,24.5,26.84,17.3754,17.0759,23.3292,1.5399
25,2,25,35.37,26.1516,25.6467,32.5307,0.893215
25,2,27,31.58,30.5741,29.6973,30.7226,0.285587
25,2,30,16.11,20.6784,19.8856,18.0086,-1.07866
25,2,34,8.8,11.1919,10.647,8.56312,0.282859
25,2,35,6.64,9.58678,9.09605,7.10982,-0.675538
25,2,36,7.14,8.21135,7.7706,5.90315,2.14139
25,2,40,2.66,4.41888,4.13808,2.80533,-0.528512
25,2,42,1.87,3.24157,3.01971,1.93389,-0.33653
26,1,0.5,11.12,9.57069,9.41108,13.122,-1.56067
26,1,0.75,15.28,12.5344,12.3094,16.2235,-0.594978
26,1,1,19.8,14.6461,14.3651,18.0214,1.00975
26,1,1.5,21.62,17.0554,16.6883,19.3372,1.20788
26,1,3,18.28,17.2898,16.8116,17.232,0.622221
26,1,5,11.71,13.5578,13.0901,13.0286,-1.0353
26,1,7,8.82,10.0624,9.65336,9.74656,-0.97221
26,1,10,5.84,6.33719,6.02357,6.30115,-0.748048
26,2,24.5,18.31,12.9198,12.6768,17.6069,0.408569
26,2,24.75,24.32,16.6872,16.3623,21.5409,1.32011
26,2,25,23.65,19.3654,18.9665,23.8023,-0.065465
26,2,25.5,23.89,22.4036,21.8857,25.4111,-0.612518
26,2,27,22.17,22.5848,21.9069,22.5659,-0.179535
26,2,29,15.94,17.6864,17.0313,17.0708,-0.677704
26,2,31,14.39,13.1236,12.5615,12.7854,1.28377
26,2,34,8.55,8.26473,7.84447,8.28089,0.33229
26,3,48.5,27.85,19.0572,18.7183,25.9771,0.737764
26,3,48.75,28.94,24.6543,24.1894,31.8017,-0.920872
26,3,49,33.58,28.634,28.0532,35.1468,-0.45622
26,3,49.5,37.3,33.1522,32.3807,37.5239,-0.061066
26,3,51,29.79,33.4425,32.4109,33.3264,-1.08594
26,3,53,29.99,26.1932,25.2015,25.2274,1.93183
26,3,55,18.26,19.4363,18.5961,18.9091,-0.351212
26,3,58,12.44,12.2403,11.6232,12.2615,0.148875
27,1,1,23.26,27.5373,26.989,22.3763,0.40409
27,1,7,21.34,18.9208,18.1232,20.3746,0.484811
27,1,8,18.6,16.2293,15.4949,17.7656,0.48053
27,1,9,16.29,13.9089,13.2369,15.4455,0.559358
27,1,18,3.93,3.45129,3.19153,4.26798,-0.808852
27,2,25,14.29,18.1542,17.7196,15.286,-0.666579
27,2,31,12.61,12.132,11.5771,13.2205,-0.472389
27,2,32,11.24,10.4057,9.9003,11.534,-0.26071
27,2,33,9.38,8.91771,8.45984,10.0349,-0.667435
27,2,42,2.99,2.21277,2.04534,2.79493,0.71204
28,1,0.25,22.42,9.24234,9.08909,22.4182,0.000803354
28,1,0.5,35.13,16.0792,15.7901,34.0441,0.326439
28,1,1.5,46.17,28.6604,27.9979,41.4025,1.17848
28,1,6,15.66,19.6727,18.8781,18.0211,-1.34047
28,1,12,5.29,7.81254,7.34771,5.59853,-0.56318
28,1,18,1.58,3.0841,2.84337,1.73926,-0.932281
28,1,22,0.89,1.65941,1.50966,0.797801,1.16913
29,1,0.25,3.4,5.83143,5.73115,4.02817,-1.59261
29,1,0.75,10.61,13.2865,13.0204,9.25669,1.49506
29,1,1.5,14.77,18.0787,17.6461,12.8301,1.54662
29,1,3,13.68,18.3272,17.7648,13.7257,-0.0340242
29,1,4,13.61,16.4555,15.8857,12.8868,0.574016
29,1,10,6.3,6.71741,6.34729,7.19012,-1.26561
29,1,12,5.61,4.9285,4.62487,5.87305,-0.457758
29,1,16,4.16,2.65224,2.45472,3.91798,0.630797
29,1,18,3.33,1.94558,1.7883,3.20006,0.414421
29,2,24.25,5.09,7.6705,7.4925,6.46927,-2.1793
29,2,24.75,13.97,16.4752,16.1106,12.5791,1.13101
29,2,25.5,17.59,22.0969,21.5247,16.6914,0.550774
29,2,27,16.75,22.2663,21.5242,17.5376,-0.45947
29,2,28,15.24,19.9722,19.2242,16.4205,-0.735481
29,2,34,10.06,8.14722,7.68523,9.15447,1.01153
29,2,36,6.13,5.97752,5.60315,7.48022,-1.84544
29,2,40,4.74,3.21676,2.97762,4.99373,-0.519143
29,2,42,3.93,2.35973,2.17061,4.08017,-0.375889
29,3,48.25,9.96,11.7891,11.5469,9.65052,0.327952
29,3,48.75,18.79,25.645,25.1043,19.2543,-0.246741
29,3,49.5,23.84,34.5059,33.6163,25.739,-0.754962
29,3,51,29.43,34.8172,33.635,27.15,0.859343
29,3,52,24.66,31.2369,30.0447,25.4557,-0.319846
29,3,58,13.63,12.7444,12.0296,14.2947,-0.475657
29,3,60,12.42,9.35039,8.77588,11.7086,0.621501
29,3,64,8.61,5.03185,4.66942,7.85439,0.983605
29,3,66,7.12,3.69122,3.40599,6.43302,1.09157
30,1,0.5,3.08,10.1449,9.94924,3.10408,-0.0791686
30,1,0.75,4.42,13.2865,13.0112,4.34626,0.173297
30,1,1.5,6.85,18.0787,17.6316,7.11362,-0.378849
30,1,1.75,8.18,18.6818,18.1963,7.77851,0.527728
30,1,4,10.99,16.4556,15.867,10.3654,0.616253
30,1,5,9.68,14.3712,13.8028,10.4373,-0.742071
30,1,6,10.28,12.4101,11.8743,10.2221,0.0579664
30,1,7,9.69,10.6661,10.1681,9.85005,-0.166169
30,1,8,10.18,9.14892,8.69013,9.39865,0.850158
30,1,9,8.83,7.84088,7.42087,8.91351,-0.0958065
30,1,11,7.72,5.75404,5.40684,7.93693,-0.27945
30,1,20,4.41,1.42718,1.29847,4.51639,-0.240626
30,2,24.5,6.6,15.4481,15.116,7.86543,-1.64494
30,2,24.75,9.88,19.9846,19.539,9.60891,0.288515
30,2,25.5,14.22,26.8722,26.1638,13.4553,0.581349
30,2,25.75,12.82,27.7253,26.9557,14.3669,-1.10145
30,2,28,14.38,24.3187,23.386,17.6989,-1.91855
30,2,29,18.85,21.2312,20.3367,17.6405,0.701481
30,2,30,19.68,18.3313,17.4954,17.1772,1.49068
30,2,31,14.34,15.7543,14.9839,16.497,-1.33771
30,2,32,15.61,13.513,12.809,15.711,-0.0657447
30,2,33,13.21,11.5809,10.9412,14.8844,-1.1508
30,2,35,15.1,8.49857,7.97648,13.2444,1.43317
30,2,44,7.19,2.108,1.92105,7.55709,-0.496631
30,3,48.5,10.51,13.2993,12.9829,9.47388,1.11843
30,3,48.75,9.76,17.0519,16.6401,10.8894,-1.06074
30,3,49.5,13.46,22.7284,22.0895,13.9732,-0.375695
30,3,49.75,16.75,23.4226,22.7301,14.6899,1.43466
30,3,52,18.51,20.48,19.6532,17.0846,0.85362
30,3,53,14.29,17.8754,17.0885,16.8816,-1.5706
30,3,54,17.28,15.4323,14.7025,16.3529,0.58002
30,3,55,16.15,13.2622,12.5947,15.6542,0.32405
30,3,56,15.82,11.3753,10.7694,14.877,0.648427
30,3,57,15.23,9.74872,9.20162,14.075,0.839489
30,3,59,10.76,7.15403,6.71235,12.5049,-1.42735
30,3,68,7.74,1.77449,1.62108,7.12281,0.885834
31,1,0.25,8.19,6.82168,6.69599,8.57854,-0.463133
31,1,0.5,15.15,11.8677,11.631,14.2705,0.630453
31,1,1.25,20.59,19.9667,19.4834,21.2211,-0.3043
31,1,1.5,21,21.1487,20.6087,21.6446,-0.304745
31,1,1.75,22.74,21.8541,21.268,21.5718,0.55412
31,1,3,15.49,21.4393,20.7382,18.0083,-1.43075
31,1,6,9.23,14.5174,13.8706,8.9058,0.372249
31,1,9,3.75,9.17234,8.665,4.22751,-1.15367
31,1,16,0.66,3.10262,2.85574,0.739849,-1.09083
31,1,20,0.3,1.66961,1.51409,0.274286,0.927618
32,1,1,11.07,17.5772,17.1632,10.879,0.179609
32,1,2,13.54,21.4896,20.8682,13.5177,0.0169014
32,1,3,12.12,20.7555,20.0562,13.1425,-0.795863
32,1,4,10.49,18.6348,17.9263,11.791,-1.1286
32,1,7,7.65,12.0776,11.4775,7.4516,0.272207
32,1,11,3.67,6.51537,6.09656,3.82551,-0.41511
32,1,12,3.47,5.5806,5.20182,3.2347,0.742454
32,1,20,0.95,1.61609,1.46077,0.84444,1.26544
32,1,22,0.51,1.18553,1.0634,0.603522,-1.56176
33,1,0.75,16.99,21.0586,20.5787,18.4781,-0.823951
33,1,1,23.79,24.6079,24.0104,21.5794,1.0482
33,1,3,21.08,29.0562,28.048,25.1553,-1.65776
33,1,5,20.83,22.7822,21.7952,19.2877,0.818142
33,1,8,12.05,14.5028,13.7051,11.7972,0.219225
33,1,9,10.1,12.4293,11.6987,9.97143,0.131862
33,1,18,2.2,3.08413,2.80072,2.18176,0.0852102
33,1,20,1.4,2.26229,2.03814,1.55616,-1.02105
33,1,22,1.2,1.65945,1.48314,1.10999,0.823059
34,1,0.5,5.33,12.2505,11.9826,5.18268,0.290451
34,1,0.75,7.25,16.0441,15.6679,7.23574,0.0201523
34,1,1.5,10,21.8309,21.2274,11.7059,-1.49055
34,1,1.75,14.18,22.5591,21.9053,12.738,1.15794
34,1,3,14.83,22.1309,21.3484,15.5325,-0.462673
34,1,5,15.12,17.3539,16.5844,15.3976,-0.184429
34,1,8,11.76,11.0477,10.4243,11.9309,-0.146515
34,1,10,8.27,8.11159,7.59088,9.49362,-1.31808
34,1,16,4.9,3.20271,2.92411,4.40583,1.1457
34,1,20,2.36,1.72347,1.54792,2.58889,-0.901732
34,2,24.5,6.62,13.8734,13.5099,6.90721,-0.425063
34,2,24.75,9.25,17.8706,17.395,9.0374,0.240557
34,2,25.5,15.3,23.9289,23.1972,13.6463,1.23968
34,2,25.75,11.95,24.6748,23.8841,14.7009,-1.91428
34,2,27,16.32,24.0956,23.1588,17.4869,-0.682745
34,2,29,16.83,18.8646,17.9615,17.1229,-0.175032
34,2,32,14.46,12.0058,11.2943,13.2111,0.967001
34,2,34,11.47,8.81481,8.22913,10.5125,0.931508
34,2,40,5.62,3.48035,3.17584,4.8969,1.50867
34,2,44,2.46,1.87286,1.68257,2.88728,-1.50995
35,1,0.5,13.94,16.2706,15.9038,13.3354,0.463787
35,1,1,19.78,24.9008,24.26,20.2813,-0.252926
35,1,1.5,22.47,29.0017,28.1689,23.7084,-0.534482
35,1,2,20.52,30.4418,29.482,25.2036,-1.90156
35,1,4,26.82,26.398,25.3044,24.4943,0.971575
35,1,7,21.35,17.1092,16.182,20.3981,0.477504
35,1,12,9.45,7.90558,7.31959,14.7709,-3.68517
35,1,16,9.68,4.25432,3.87273,11.4058,-1.54764
35,1,22,7.11,1.67919,1.49014,7.73939,-0.83146
35,2,24.5,14.27,11.667,11.3088,15.2248,-0.641606
35,2,25,20.26,17.1638,16.6333,19.5177,0.389122
35,2,25.5,21.45,19.7358,19.0785,21.5447,-0.044953
35,2,26,18.83,20.5936,19.8512,22.3276,-1.60288
35,2,28,23.71,17.7384,16.92,21.1716,1.22677
35,2,31,21.46,11.4842,10.8135,17.6076,2.2385
35,2,36,13.89,5.30599,4.89808,12.7752,0.892636
35,2,40,9.82,2.85539,2.59476,9.88091,-0.0630412
35,2,46,6.85,1.12715,1.00041,6.72145,0.195511
35,3,48.5,15.44,10.9093,10.6103,14.107,0.96662
35,3,49,18.46,16.2312,15.7583,18.2721,0.105223
35,3,49.5,19.46,18.7328,18.128,20.2338,-0.391278
35,3,50,24.57,19.5804,18.8856,20.9923,1.74386
35,3,52,20.48,16.8994,16.1192,19.9093,0.293288
35,3,55,16.26,10.9447,10.3103,16.5473,-0.177625
35,3,60,12.39,5.0569,4.67726,11.9955,0.336403
35,3,64,10.03,2.72134,2.48085,9.27155,0.836542
35,3,70,5.61,1.07425,0.958299,6.30041,-1.12007
36,1,0.25,7.1,10.8928,10.6587,7.36905,-0.373265
36,1,1.5,29.06,33.778,32.7811,27.6502,0.521748
36,1,3,35.45,34.2437,32.9523,33.6519,0.5468
36,1,4,34.85,30.7452,29.4367,33.415,0.439485
36,1,8,26.19,17.0923,16.0691,25.616,0.229304
36,1,12,16.59,9.20753,8.50592,18.3332,-0.972835
36,2,24.25,13.92,11.7232,11.3518,13.4592,0.350209
36,2,25.5,30.38,33.1991,32.1134,32.0469,-0.532297
36,2,27,38.16,33.4046,32.0253,37.02,0.315137
36,2,28,35.25,29.9555,28.5698,36.3715,-0.315564
36,2,32,24.15,16.6404,15.5946,27.647,-1.29437
36,2,36,23,8.96391,8.26452,19.8087,1.64843
37,1,0.25,3.79,6.05148,5.91725,3.55881,0.663225
37,1,0.5,6.4,10.5278,10.2814,6.46576,-0.103954
37,1,1,11,16.1107,15.728,10.7146,0.272452
37,1,1.25,10.97,17.7124,17.3133,12.215,-1.04255
37,1,1.75,16.88,19.3867,18.963,14.2785,1.86384
37,1,7,11.93,11.0686,10.5588,11.2728,0.596263
37,1,9,7.96,8.13676,7.69517,8.65377,-0.819778
37,2,24.25,5.71,7.91883,7.67574,5.20072,1.00061
37,2,24.5,7.65,13.1785,12.8062,8.59678,-1.12614
37,2,25,13.6,19.7205,19.1291,13.5407,0.0447728
37,2,25.25,14.91,21.5877,20.9084,15.2781,-0.246495
37,2,25.75,19.61,23.518,22.7046,17.65,1.13612
37,2,31,13.85,13.3494,12.5469,13.6922,0.117915
37,2,33,9.66,9.81301,9.14476,10.5169,-0.833293
37,3,48.25,5.39,7.30642,7.06763,4.95043,0.907231
37,3,48.5,7.63,11.9906,11.6376,7.94975,-0.411246
37,3,49,10.45,17.8107,17.2578,12.3161,-1.54986
37,3,49.25,11.75,19.4687,18.8341,13.8503,-1.55127
37,3,49.75,15.36,21.1758,20.4155,15.9437,-0.37456
37,3,55,11.7,11.9963,11.2622,12.3529,-0.540668
37,3,57,10.94,8.8182,8.21306,9.50356,1.54571
38,1,0.5,11.23,15.3135,14.9384,11.511,-0.2497
38,1,1,16.37,23.4361,22.782,17.5778,-0.703018
38,1,1.25,21.05,25.769,25.0081,19.2826,0.937811
38,1,2,22.23,28.6514,27.6735,21.2039,0.495163
38,1,6,10.17,18.7361,17.7205,12.1939,-1.6977
38,1,9,6.29,11.8374,11.0391,6.79733,-0.762971
38,1,10,5.69,10.1413,9.41352,5.57933,0.202704
38,1,14,2.5,5.45835,4.9735,2.52809,-0.113328
38,1,18,1.1,2.93727,2.62719,1.1428,-0.380239
38,2,24.5,13.2,19.83,19.2623,14.3669,-0.830901
38,2,25,22.19,29.6963,28.7893,21.758,0.203175
38,2,25.25,26.41,32.5128,31.4697,23.8355,1.10525
38,2,26,22.38,35.9344,34.6089,26.1775,-1.48448
38,2,30,15.35,23.4028,22.0626,15.1507,0.134574
38,2,33,8.98,14.7845,13.7536,8.50424,0.572044
38,2,34,6.88,12.6661,11.7318,6.99696,-0.17088
38,2,38,3.6,6.81723,6.20597,3.20045,1.27419
38,2,42,1.44,3.66854,3.28235,1.46323,-0.161457
39,1,1,38.26,27.5373,26.7489,37.1078,0.317771
39,1,1.25,39.46,30.2785,29.3613,39.2797,0.0469777
39,1,1.75,40.61,33.1437,32.0343,39.8548,0.19392
39,1,2,32.57,33.665,32.4868,38.9756,-1.68199
39,1,4,24.43,29.1929,27.8517,24.971,-0.221707
39,1,5,20.65,25.4942,24.1976,18.7462,1.03905
39,1,10,4.15,11.916,11.0389,4.11468,0.0876651
39,1,12,2.09,8.74262,8.0222,2.23061,-0.642573
39,1,16,0.51,4.70477,4.23553,0.658061,-2.27051
39,1,18,0.35,3.45129,3.07759,0.356183,-0.173098
39,1,22,0.12,1.85722,1.62488,0.104618,1.38004
40,1,0.5,12.63,16.0982,15.795,12.6829,-0.0427013
40,1,0.75,12.61,21.1221,20.7425,16.3173,-2.32444
40,1,1.25,23.11,27.034,26.8175,20.2545,1.44248
40,1,1.5,22.26,28.4907,28.5089,21.1017,0.561653
40,1,1.75,20.01,29.4222,29.5761,21.4564,-0.689752
40,1,5,11,23.1894,24.383,13.7146,-2.02482
40,1,7,8.21,17.2222,19.0334,9.18014,-1.08067
40,1,10,5.16,10.7848,12.9586,4.9663,0.398507
40,1,11,4.98,9.23813,11.3939,4.04478,2.36136
40,1,12,3.4,7.91272,10.0177,3.29394,0.328645
40,1,16,1.48,4.25817,5.98536,1.44919,0.216193
40,2,24.5,9.5,13.7736,14.4326,10.294,-0.788882
40,2,24.75,12.12,17.6412,18.2548,13.1455,-0.798027
40,2,25.25,16.74,22.2689,22.8972,16.2048,0.337872
40,2,25.5,16.96,23.4888,24.1622,16.847,0.0686278
40,2,25.75,18.76,24.2028,24.9388,17.1007,0.992719
40,2,29,10.22,18.4632,20.2519,10.7886,-0.539079
40,2,31,7.68,13.6981,15.8043,7.17598,0.718043
40,2,34,3.29,8.62629,10.7664,3.84661,-1.47763
40,2,35,3.23,7.38913,9.46873,3.12323,0.348901
40,2,36,2.18,6.32899,8.32709,2.53577,-1.43087
40,2,40,1.07,3.40591,4.9803,1.10179,-0.29281
40,3,48.5,14.64,19.2868,19.76,14.8217,-0.125378
40,3,48.75,19.72,24.9417,25.3554,18.9716,0.403597
40,3,49.25,28.24,31.7261,32.1696,23.4145,2.1088
40,3,49.5,22.3,33.526,34.0384,24.3451,-0.859589
40,3,49.75,27.16,34.5887,35.1958,24.7125,1.01342
40,3,53,15.72,26.4834,28.7282,15.6404,0.0520941
40,3,55,10.3,19.6515,22.432,10.4458,-0.142724
40,3,58,5.31,12.3758,15.293,5.63754,-0.593745
40,3,59,3.83,10.6009,13.4531,4.58791,-1.68759
40,3,60,4.03,9.07998,11.834,3.73357,0.810684
40,3,64,1.78,4.88633,7.08483,1.6373,0.887071
41,1,1.25,28.63,28.0238,27.754,27.2474,0.519269
41,1,1.75,28.31,30.6759,30.6069,28.9415,-0.223298
41,1,3,29.12,30.094,30.7311,28.4256,0.249991
41,1,7,20.23,17.5119,19.6849,21.8596,-0.76278
41,1,8,21.05,15.0208,17.3251,20.4072,0.3223
41,1,10,15.72,11.0287,13.3979,17.7847,-1.18777
41,1,14,15.09,5.93596,8.00252,13.5072,1.19871
41,1,16,9.18,4.35445,6.18438,11.7713,-2.25166
41,1,18,11.58,3.19428,4.7793,10.2585,1.31746
42,1,0.25,12.66,10.0125,9.80008,12.8723,-0.168677
42,1,1.75,35.87,32.0856,31.9875,38.5321,-0.707049
42,1,6,25.76,21.3119,23.3242,25.3614,0.160831
42,1,8,20.75,15.7112,18.0937,19.1605,0.848789
42,1,9,17.54,13.4649,15.9119,16.6413,0.552525
42,1,11,11.71,9.88121,12.2975,12.5495,-0.684267
42,1,16,6.24,4.55458,6.4532,6.19632,0.0720463
42,1,18,4.53,3.34111,4.98596,4.67235,-0.311233
42,2,24.25,13.59,9.63107,10.4274,12.7885,0.641062
42,2,25.75,35.96,27.7928,28.5443,33.8423,0.640394
42,2,30,22.76,18.3147,20.5133,22.0094,0.34897
42,2,32,17.04,13.5,15.916,16.6239,0.256064
42,2,33,13.44,11.5696,13.9997,14.4376,-0.70686
42,2,35,9.04,8.49029,10.8248,10.8871,-1.73524
42,2,40,4.91,3.91347,5.68752,5.37498,-0.884004
42,2,42,4.31,2.87081,4.39659,4.05286,0.64796
42,3,48.25,14.49,11.3221,12.0107,14.9044,-0.284428
42,3,49.75,39.27,33.6426,34.2842,40.7176,-0.36385
42,3,54,27.7,22.2213,24.7167,26.667,0.39638
42,3,56,20.07,16.3802,19.1866,20.2001,-0.0659066
42,3,57,16.55,14.0381,16.8807,17.5689,-0.593351
42,3,59,15.68,10.3018,13.059,13.2869,1.84244
42,3,64,6.26,4.74846,6.87,6.60756,-0.537675
42,3,66,5.07,3.48334,5.31334,4.99673,0.149814
43,1,0.25,3.95,5.7214,5.59653,3.77278,0.479641
43,1,0.5,6.57,9.95352,9.75851,6.66947,-0.152451
43,1,0.75,7.39,13.0358,12.8138,8.86814,-1.70443
43,1,1.25,12.86,16.7463,16.5632,11.7139,1.00074
43,1,3,13.44,17.9814,18.3318,13.5496,-0.0827256
43,1,5,10.69,14.1001,15.0392,11.2278,-0.489903
43,1,7,8.63,10.4649,11.732,8.67789,-0.0564349
43,1,10,6.39,6.59067,7.97986,5.75971,1.11836
43,1,11,4.16,5.64547,7.01408,5.01759,-1.74631
44,1,0.25,10.03,9.13231,8.92741,9.13844,0.997676
44,1,1,22.93,24.3148,23.9513,23.3413,-0.180327
44,1,2,21.47,29.7254,29.7048,26.8318,-2.04487
44,1,8,9.39,14.3301,16.4522,8.31338,1.32419
44,1,12,2.97,7.71954,9.82072,3.28103,-0.967615
44,1,14,2.34,5.66299,7.58472,2.06092,1.37988
44,1,20,0.51,2.23532,3.49366,0.510449,-0.00884679
44,1,22,0.29,1.63966,2.69803,0.320104,-0.935016
45,1,0.25,9.73,10.1226,9.8893,10.2907,-0.557254
45,1,0.75,25.29,23.0642,22.6392,23.0343,1.00205
45,1,1.25,24.83,29.634,29.2594,29.3368,-1.57208
45,1,2,38.64,32.9482,32.8973,32.6913,1.86218
45,1,4,31.97,28.5715,29.693,30.3951,0.530233
45,1,5,27.01,24.9515,26.5431,28.0207,-0.369107
45,1,6,22.39,21.5461,23.4868,25.6855,-1.31291
45,1,7,24.15,18.518,20.697,23.5005,0.282806
45,1,18,7.95,3.37781,5.0014,8.74989,-0.934796
45,1,20,8.17,2.47786,3.86178,7.31057,1.20187
46,1,0.25,7.15,9.68245,9.45345,8.06244,-1.15714
46,1,0.5,15.17,16.8449,16.4818,14.2764,0.640354
46,1,0.75,19.56,22.0614,21.6398,18.992,0.306008
46,1,2,27.62,31.5158,31.4398,28.4845,-0.310576
46,1,3,31.33,30.4392,30.931,27.7368,1.32568
46,1,4,23.25,27.3294,28.3706,24.5749,-0.551689
46,1,5,18.45,23.8668,25.3581,20.849,-1.17735
46,1,8,13.76,15.1933,17.3895,11.5625,1.94394
46,1,9,8.19,13.021,15.2861,9.38791,-1.3049
46,1,10,7.61,11.1553,13.4333,7.607,0.00403721
46,1,11,5.81,9.55548,11.8037,6.15695,-0.575955
46,1,14,3.39,6.00411,8.00654,3.25526,0.422487
46,1,16,2,4.40444,6.18086,2.12669,-0.607087
46,1,18,1.41,3.23098,4.77146,1.38936,0.151036
46,1,20,0.95,2.37016,3.68344,0.906931,0.4811
47,1,0.25,13.04,7.81193,7.62245,11.2255,1.65324
47,1,0.5,17.89,13.5904,13.2891,19.1797,-0.687986
47,1,1,27.9,20.7975,20.4435,28.3702,-0.169616
47,1,1.5,32.02,24.2187,23.9624,32.0194,0.000189868
47,1,8,12.66,12.2561,14.0085,12.1063,0.467802
47,1,9,9.37,10.5038,12.3127,9.97962,-0.624727
47,1,10,9.37,8.99879,10.8192,8.22472,1.4238
47,1,12,5.68,6.60232,8.35128,5.5853,0.173277
47,1,14,3.45,4.84341,6.44571,3.79263,-0.922478
47,1,22,0.7,1.40258,2.28716,0.805175,-1.32159
47,2,24.25,12.5,10.1223,10.6386,13.5769,-0.811412
47,2,24.5,27.07,16.8382,17.2151,22.8043,1.91402
47,2,25,30.21,25.191,25.4679,33.454,-0.992346
47,2,25.5,34.8,29.1256,29.4689,37.6679,-0.779183
47,2,32,14.46,14.6242,16.9866,14.478,-0.0127504
47,2,33,13.46,12.5332,14.9335,11.9767,1.26684
47,2,34,8.91,10.7373,13.1252,9.9054,-1.02771
47,2,36,7,7.87785,10.1363,6.77425,0.34066
47,2,38,4.49,5.77912,7.82737,4.63259,-0.314435
47,2,46,1.11,1.67351,2.78168,1.01309,0.970111
47,3,48.25,11.8,8.99312,9.72245,11.8486,-0.0419516
47,3,48.5,20.29,14.7254,15.3287,19.7334,0.288586
47,3,49,22.35,21.8464,22.3434,28.8072,-2.29381
47,3,49.5,33.1,25.1899,25.7207,32.3677,0.231532
47,3,56,11.78,12.6105,14.7495,12.3209,-0.449072
47,3,57,10.35,10.8073,12.9699,10.1802,0.170541
47,3,58,9.84,9.25877,11.4021,8.40979,1.73894
47,3,60,5.98,6.79304,8.81002,5.73795,0.431112
47,3,62,3.76,4.98331,6.80663,3.91474,-0.403645
47,3,70,0.8,1.44306,2.42506,0.848187,-0.57514
48,1,0.25,14.89,10.5627,10.3,13.6102,0.961927
48,1,0.75,28.23,24.067,23.5743,29.6339,-0.484812
48,1,1.25,36.58,30.9224,30.4615,36.7035,-0.0344252
48,1,1.75,30.35,33.8483,33.5769,39.0467,-2.27941
48,1,4,35.02,29.8136,30.8813,32.5112,0.789703
48,1,7,24.67,19.3231,21.5039,21.138,1.70971
48,1,9,13.74,14.2047,16.6207,15.7382,-1.29893
48,1,12,9.83,8.92854,11.2696,10.1048,-0.27812
48,1,14,7.25,6.5499,8.69625,7.52015,-0.367281
48,1,18,4.23,3.52466,5.17804,4.16508,0.159191
48,1,20,3.27,2.58559,3.9956,3.09971,0.560667
48,1,22,2.29,1.89669,3.08317,2.30685,-0.0744573
49,1,0.25,4.2,5.50134,5.36124,4.17586,0.0590377
49,1,1.25,12.02,16.1022,15.8531,11.2996,0.652124
49,1,1.5,9.52,17.0554,16.8479,11.8533,-2.01348
49,1,2,13.41,17.9009,17.8173,12.328,0.897724
49,1,3,12.42,17.2898,17.5224,12.0789,0.288807
49,1,7,9.15,10.0624,11.1839,8.93504,0.246014
49,1,9,7.3,7.39706,8.64231,7.59848,-0.401612
49,1,22,2.7,0.987178,1.60094,2.64818,0.19961
49,2,24.25,10,10.7096,10.975,9.77029,0.240445
49,2,25.25,23.26,29.9003,29.9163,22.514,0.339033
49,2,25.5,22.7,31.6131,31.6846,23.4781,-0.339108
49,2,26,26.17,33.1093,33.3676,24.2611,0.805104
49,2,27,18.51,31.9208,32.6928,23.6641,-2.22867
49,2,31,18.8,18.5568,20.8285,17.49,0.766321
49,2,33,13.66,13.6411,16.1017,14.8803,-0.838968
49,2,46,5.01,1.82146,2.99251,5.20136,-0.375917
49,3,48.25,8.4,6.897,7.71823,8.59938,-0.237081
49,3,49.25,15.97,17.5234,18.1344,15.504,0.307471
49,3,49.5,15.86,18.454,19.078,15.9833,-0.0789378
49,3,50,16.31,19.2381,19.9326,16.3051,0.00306579
49,3,51,15.26,18.4742,19.3974,15.7556,-0.321804
49,3,55,11.68,10.7145,12.3172,11.6129,0.0590619
49,3,57,11.43,7.87572,9.5257,9.8844,1.59915
49,3,70,3.38,1.05161,1.77614,3.46572,-0.252488
50,1,0.25,6.4,7.37182,7.17961,6.98787,-0.860016
50,1,0.5,12.88,12.8248,12.5156,12.5313,0.284664
50,1,1,20.05,19.6258,19.2495,20.3159,-0.133908
50,1,2,31.54,23.9872,23.8544,27.5591,1.47818
50,1,4,19.52,20.8023,21.505,28.4229,-3.20537
50,1,5,30.32,18.1673,19.2128,26.7624,1.36032
50,1,6,23.5,15.6882,16.9912,24.8113,-0.54083
50,1,7,23.73,13.4835,14.9648,22.8363,0.400467
50,1,12,15.14,6.23036,7.8342,14.6778,0.32211
50,1,14,12.56,4.57054,6.04273,12.2711,0.240784
50,1,16,10.56,3.35283,4.66083,10.2581,0.301012
50,2,24.25,10.85,8.19604,8.68389,11.7713,-0.800531
50,2,24.5,18.68,13.5308,13.8945,17.1217,0.931169
50,2,25,25,20.1622,20.425,24.5671,0.180329
50,2,26,30.06,24.3401,24.7607,31.2875,-0.401495
50,2,28,27.75,21.0129,22.1353,31.4325,-1.19892
50,2,29,31.55,18.3423,19.76,29.4976,0.712034
50,2,30,30.81,15.8361,17.4715,27.3059,1.31321
50,2,31,24.52,13.6094,15.3887,25.1156,-0.24266
50,2,36,13.47,6.28812,8.06504,16.1421,-1.69356
50,2,38,14.54,4.61291,6.22392,13.4989,0.788936
50,2,40,11.51,3.38391,4.80303,11.2876,0.20154
51,1,0.25,17.76,10.7827,10.495,16.6713,0.668091
51,1,1,36.02,28.709,28.1355,42.1503,-1.48849
51,1,1.25,42.57,31.5666,31.0247,45.7356,-0.708393
51,1,1.5,51.04,33.4368,32.9692,47.9006,0.670767
51,1,1.75,48.18,34.5535,34.1908,49.0313,-0.177698
51,1,3,42.21,33.8978,34.2758,46.9042,-1.02429
51,1,4,45.55,30.4346,31.4201,42.0667,0.847441
51,1,6,29.42,22.9512,24.8197,32.4382,-0.952178
51,1,10,20.34,12.4229,14.8286,18.8492,0.80922
51,1,11,17.54,10.6412,13.0228,16.4507,0.677452
51,1,14,10.43,6.68635,8.81923,10.9356,-0.472836
51,1,16,8.04,4.9049,6.80094,8.32933,-0.355179
51,1,18,6.24,3.59811,5.24451,6.34423,-0.167926
51,1,22,3.33,1.93623,3.11873,3.68061,-0.972619
51,2,24.25,11.85,8.84846,9.62401,14.1659,-1.67241
51,2,25,28.62,21.1327,21.6477,31.4858,-0.931464
51,2,25.25,31.59,23.0671,23.5789,33.8943,-0.695749
51,2,25.5,34.35,24.3192,24.8564,35.3286,-0.283465
51,2,25.75,41.52,25.0504,25.6346,36.0528,1.55193
51,2,27,35.96,24.4053,25.3848,34.3361,0.484
51,2,28,34.84,21.8757,23.2006,30.8207,1.33453
51,2,30,23.08,16.4817,18.3009,23.8626,-0.335589
51,2,34,12.87,8.91951,10.9404,13.9969,-0.823633
51,2,35,13.1,7.64029,9.61042,12.2449,0.714343
51,2,38,7.31,4.80071,6.51324,8.19786,-1.10739
51,2,40,5.77,3.52168,5.02522,6.2738,-0.820788
51,2,42,5.41,2.5834,3.87715,4.80129,1.29525
51,2,46,3.01,1.39019,2.30795,2.81202,0.718308
51,3,48.25,13.62,7.58285,8.1669,12.3832,1.02165
51,3,49,28.92,18.4466,18.8006,27.8114,0.407904
51,3,49.25,30.04,20.161,20.51,29.929,0.0379583
51,3,49.5,38.85,21.2732,21.6421,31.1776,2.51833
51,3,49.75,30.22,21.9254,22.3338,31.796,-0.50725
51,3,51,24.63,21.3874,22.1437,30.1931,-1.88552
51,3,52,26.15,19.1765,20.2448,27.0592,-0.343845
51,3,54,20.48,14.4505,15.9765,20.9091,-0.209989
51,3,58,10.99,7.82056,9.56007,12.2301,-1.0372
51,3,59,12.37,6.69896,8.40001,10.692,1.60508
51,3,62,8.15,4.20923,5.69723,7.1439,1.43976
51,3,64,4.99,3.08778,4.39786,5.45988,-0.879453
51,3,66,3.7,2.26511,3.39483,4.17284,-1.15732
51,3,70,2.65,1.21891,2.02288,2.4374,0.889407
52,1,0.25,12.9,5.61137,5.45827,12.211,0.57716
52,1,1,30.43,14.939,14.6312,29.4794,0.329988
52,1,1.25,27.68,16.4242,16.1331,31.4654,-1.23114
52,1,1.75,31.18,17.9768,17.7784,32.5963,-0.444638
52,1,3,30.96,17.6356,17.8198,28.437,0.907927
52,1,4,21.48,15.8346,16.3332,23.5882,-0.914548
52,1,9,9.47,7.545,8.77148,8.06475,1.78161
52,1,11,5,5.53691,6.7645,5.21457,-0.420453
52,1,12,4.25,4.74252,5.9398,4.19284,0.139251
52,1,14,2.64,3.47909,4.57957,2.71021,-0.264282
52,1,16,1.81,2.55222,3.53078,1.75159,0.3395
52,1,18,1.11,1.87228,2.72217,1.13328,-0.20856
53,1,1.25,31,26.7354,26.2358,29.134,0.655437
53,1,1.75,25.98,29.2656,28.9093,31.4672,-1.78451
53,1,2,33.46,29.7261,29.4743,31.8614,0.513449
53,1,3,32.79,28.7105,28.9721,30.9742,0.599933
53,1,4,25.88,25.7772,26.5521,28.6041,-0.974553
53,1,6,24.82,19.4388,20.9649,23.5464,0.553452
53,1,8,21.5,14.3303,16.2248,19.2241,1.21132
53,1,11,14.64,9.0127,10.9883,14.1635,0.344137
53,1,12,9.85,7.71964,9.6476,12.7919,-2.35248
53,1,14,9.7,5.66306,7.43664,10.4341,-0.719572
53,1,16,9.75,4.15426,5.73221,8.51088,1.48873
53,1,18,6.78,3.04743,4.41838,6.94212,-0.238737
54,1,0.25,14.18,6.82168,6.6273,12.9931,0.934429
54,1,1,25.97,18.1612,17.7609,25.7475,0.0884112
54,1,2,24.88,22.1971,21.9979,24.6747,0.085156
54,1,3,19.52,21.4393,21.6204,20.8294,-0.643233
54,1,4,17.84,19.2499,19.8121,17.262,0.342563
54,1,5,15.46,16.8116,17.6924,14.264,0.857778
54,1,10,4.99,7.8581,9.33184,5.48054,-0.914652
54,1,11,3.98,6.73113,8.19276,4.52617,-1.23267
54,1,18,1.31,2.276,3.29193,1.18599,1.06192
54,1,20,0.76,1.66961,2.53691,0.808892,-0.611572
54,1,22,0.62,1.2248,1.95507,0.551694,1.24601
54,2,24.25,18.48,10.547,10.8853,18.7804,-0.163656
54,2,25,35.91,26.5439,26.5515,36.8093,-0.250035
54,2,26,35.09,32.1629,32.3712,35.2244,-0.039046
54,2,27,26.83,30.9929,31.6724,29.7227,-0.995946
54,2,28,22.5,27.8041,28.9754,24.6255,-0.883224
54,2,29,24.44,24.2739,25.8604,20.3436,2.06031
54,2,34,8.05,11.3433,13.6484,7.80712,0.318075
54,2,35,5.24,9.71648,11.9854,6.44606,-1.91247
54,2,42,1.61,3.28542,4.82441,1.68623,-0.460203
54,2,44,1.29,2.41009,3.71981,1.14955,1.2405
54,2,46,0.73,1.76795,2.86812,0.783665,-0.692626
54,3,48.25,19.11,10.9303,11.5736,19.0009,0.0587641
54,3,49,32.42,26.8849,27.1673,36.9974,-1.26618
54,3,50,42.3,32.4552,32.889,35.3433,2.01437
54,3,51,32,31.2432,32.1138,29.8102,0.751717
54,3,52,20.66,28.0185,29.3592,24.6956,-1.67217
54,3,53,20.5,24.4575,26.1987,20.4011,0.0496237
54,3,58,9.18,11.4279,13.8399,7.8291,1.76418
54,3,59,6.19,9.78897,12.1566,6.46419,-0.43357
54,3,66,1.93,3.30993,4.90199,1.69097,1.43894
54,3,68,1.01,2.42808,3.7813,1.15277,-1.25748
54,3,70,0.71,1.78115,2.9167,0.785866,-0.976456
55,1,0.25,8.18,6.38156,6.19587,8.42744,-0.300219
55,1,1.25,24.86,18.6785,18.3053,23.844,0.436014
55,1,1.5,26.53,19.7843,19.45,24.9128,0.664235
55,1,1.75,21.86,20.4442,20.168,25.3449,-1.40701
55,1,2,24.43,20.765,20.5609,25.2957,-0.350193
55,1,4,19.26,18.0079,18.5134,18.019,0.704635
55,1,10,3.19,7.35113,8.71438,3.07719,0.374141
55,1,11,2.28,6.29687,7.64984,2.25764,0.100956
55,1,16,0.46,2.90245,3.98642,0.472523,-0.265969
55,1,20,0.12,1.56189,2.36649,0.135148,-1.07216
55,1,22,0.08,1.14579,1.82331,0.0722565,0.96983
55,2,24.25,8.2,7.19038,7.56839,8.47429,-0.330959
55,2,25.25,22.77,19.3694,19.5062,23.8638,-0.469021
55,2,25.5,22.56,20.4491,20.607,24.9225,-0.96999
55,2,25.75,24.16,21.0838,21.2825,25.345,-0.478426
55,2,26,27.84,21.3805,21.6344,25.2874,1.03296
55,2,28,17.56,18.4591,19.321,17.981,-0.23956
55,2,34,3.15,7.52903,9.09178,3.07523,0.248131
55,2,35,2.21,6.44923,7.98311,2.25292,-0.194189
55,2,40,0.51,2.97268,4.16536,0.472513,0.796163
55,2,44,0.13,1.59968,2.47527,0.135284,-0.37363
55,2,46,0.07,1.17347,1.90811,0.0724146,-0.301829
55,3,48.25,14.69,10.8409,11.1737,13.3798,1.00168
55,3,49.25,38.11,30.0126,29.9745,37.5938,0.140519
55,3,49.5,40.82,31.7212,31.7152,39.2358,0.41323
55,3,49.75,43.77,32.7308,32.7882,39.8766,0.99923
55,3,50,44.5,33.2093,33.3539,39.7638,1.21898
55,3,52,25.23,28.7152,29.8429,28.1957,-1.07637
55,3,58,5.71,11.7155,14.0646,4.83367,1.85226
55,3,59,2.87,10.0353,12.3527,3.54476,-1.94341
55,3,64,0.83,4.62562,6.45346,0.74764,1.11356
55,3,68,0.21,2.48917,3.83885,0.215007,-0.228305
55,3,70,0.11,1.82596,2.96077,0.115299,-0.434698
56,1,0.25,11.81,10.2326,9.92863,12.3612,-0.456111
56,1,1.25,32.08,29.9561,29.3292,29.6354,0.844145
56,1,2,33.39,33.3063,32.9397,30.6432,0.917295
56,1,3,31.95,32.1685,32.3663,28.788,1.12398
56,1,4,27.14,28.882,29.6522,26.3062,0.324354
56,1,10,15.88,11.7891,13.9484,14.7106,0.813245
56,1,11,11.66,10.0984,12.2431,13.3483,-1.29384
56,1,18,5.59,3.41451,4.91198,6.76093,-1.77042
56,1,20,5.19,2.50479,3.78378,5.56673,-0.6916
56,1,22,4.51,1.83742,2.91471,4.58347,-0.163758
56,2,24.25,13.9,8.11851,8.80454,11.9019,1.71713
56,2,25.25,23.11,21.0752,21.4665,23.0287,0.0361399
56,2,26,20.52,23.1846,23.6791,23.457,-1.2812
56,2,27,20.15,22.2851,23.0709,21.9441,-0.836558
56,2,28,19.82,19.974,21.072,20.0478,-0.116261
56,2,34,12.51,8.14371,9.90373,11.2648,1.13063
56,2,35,9.13,6.97576,8.6951,10.2303,-1.09997
56,2,42,5.56,2.3587,3.49471,5.21256,0.681088
56,2,44,4.84,1.73028,2.6934,4.29915,1.28498
56,2,46,3.53,1.26926,2.07581,3.5458,-0.0454968
56,3,48.25,13.29,10.2483,10.6496,14.1086,-0.593573
56,3,49.25,26.73,28.1384,28.169,29.4744,-0.952844
56,3,50,26.92,31.1129,31.3023,30.1798,-1.10534
56,3,51,28.94,29.976,30.5971,28.2836,0.2375
56,3,52,26.56,26.8902,27.979,25.8579,0.277827
56,3,58,13.84,10.97,13.1759,14.5755,-0.516196
56,3,59,13.52,9.39674,11.5709,13.2439,0.213285
56,3,66,6.77,3.17731,4.6588,6.77269,-0.00406057
56,3,68,6.09,2.33078,3.59239,5.59172,0.91064
56,3,70,4.49,1.70978,2.7701,4.61669,-0.280333
57,1,1.75,34.17,24.6824,24.3002,32.5766,0.50055
57,1,4,27.54,21.7403,22.2942,28.2547,-0.258836
57,1,6,23.49,16.3945,17.5872,21.5842,0.903465
57,1,7,18.53,14.0904,15.478,18.7329,-0.110831
57,1,9,13.96,10.358,11.9398,14.0727,-0.0819337
57,1,18,4.46,2.5702,3.68756,3.8688,1.56047
57,1,20,2.53,1.8853,2.83993,2.90363,-1.31293
57,1,22,2.09,1.3829,2.18717,2.17923,-0.417331
58,1,0.25,10.84,6.60162,6.39757,10.1492,0.696093
58,1,0.5,16.81,11.4848,11.149,17.2725,-0.273958
58,1,1,26.57,17.5753,17.1378,25.4439,0.452875
58,1,1.25,28.79,19.3226,18.893,27.5221,0.471435
58,1,1.75,29.7,21.1492,20.8114,29.3097,0.136268
58,1,2,25.83,21.4811,21.2146,29.4343,-1.25309
58,1,3,29.54,20.7477,20.8401,27.5247,0.749245
58,1,4,23.58,18.6289,19.0881,24.2935,-0.300543
58,1,8,14.95,10.3573,11.6381,13.3567,1.22024
58,1,10,11.26,7.60461,8.96718,9.83376,1.48324
58,1,12,7.54,5.57943,6.90535,7.23881,0.425364
58,1,14,5.33,4.09303,5.31711,5.32851,0.00285062
58,1,16,3.78,3.00254,4.09409,3.92232,-0.37055
58,1,20,2.16,1.61575,2.42727,2.12522,0.166771
58,1,22,1.39,1.18529,1.86894,1.56447,-1.13473
58,2,24.25,15.35,10.6292,10.9033,16.0919,-0.471647
58,2,24.5,22.04,17.839,17.9135,26.5631,-1.74246
58,2,25,45.13,26.8121,26.704,38.5389,1.75029
58,2,25.25,44.95,29.3758,29.2593,41.5661,0.833168
58,2,25.75,39.72,32.0325,32.0102,44.1319,-1.02315
58,2,26,47.22,32.4997,32.5637,44.2832,0.678728
58,2,27,30.61,31.3205,31.8511,41.3576,-2.6596
58,2,28,33.18,28.0989,29.1273,36.5066,-0.932558
58,2,32,21.18,15.6137,17.7524,20.1352,0.530919
58,2,34,14.41,11.4639,13.6846,14.8515,-0.304086
58,2,36,10.74,8.41091,10.5433,10.9525,-0.198432
58,2,38,8.13,6.17017,8.12248,8.07698,0.0671225
58,2,40,6.76,4.52628,6.25738,5.95639,1.37889
58,2,44,3.27,2.43571,3.71362,3.23932,0.0966796
58,2,46,2.29,1.78674,2.86088,2.38883,-0.42185
59,1,0.5,9,17.0363,16.5269,8.83546,0.19043
59,1,0.75,13.45,22.3121,21.6887,11.9675,1.26707
59,1,1,13.77,26.0726,25.4025,14.4511,-0.482124
59,1,1.25,15.95,28.6679,28.0033,16.4062,-0.284497
59,1,1.5,17.56,30.3664,29.7503,17.9315,-0.211988
59,1,2,18.89,31.8742,31.441,19.9983,-0.567037
59,1,5,18.44,24.1381,25.2423,20.9036,-1.20589
59,1,7,19.23,17.9143,19.6223,18.8469,0.207949
59,1,8,17.91,15.366,17.2364,17.7818,0.0737598
59,1,9,16.98,13.169,15.1303,16.7527,0.138784
59,1,20,8.92,2.39714,3.59021,8.58436,0.3998
59,2,24.5,13.42,11.1465,11.6629,11.7161,1.48752
59,2,24.75,12.04,14.1823,14.6132,13.4514,-1.07333
59,2,25,14.12,16.3348,16.7181,14.8068,-0.474506
59,2,25.25,15.62,17.8073,18.173,15.8535,-0.150701
59,2,25.5,13.43,18.7585,19.1307,16.6496,-1.97839
59,2,26,21.87,19.5621,19.9991,17.6703,2.43162
59,2,29,19.98,14.6935,15.8326,17.1858,1.66343
59,2,31,13.96,10.9001,12.3027,15.407,-0.960826
59,2,32,13.66,9.34904,10.8083,14.522,-0.607245
59,2,33,13.52,8.01217,9.48955,13.6739,-0.115126
59,2,44,7.13,1.45841,2.25798,6.98949,0.205503
59,3,48.5,11.77,12.5929,12.7918,11.4277,0.306381
59,3,48.75,13.59,16.2396,16.3433,13.5239,0.0499972
59,3,49,12.44,18.8313,18.8835,15.1697,-1.84089
59,3,49.25,15.59,20.6115,20.6477,16.4493,-0.534467
59,3,49.5,19.3,21.7693,21.8178,17.4313,1.09682
59,3,50,17.13,22.7716,22.9074,18.7153,-0.866665
59,3,53,19.98,17.172,18.2347,18.5362,0.796916
59,3,55,14.9,12.7416,14.1787,16.6499,-1.07527
59,3,56,18.03,10.9288,12.4598,15.7015,1.51713
59,3,57,12.45,9.36616,10.9424,14.7905,-1.61887
59,3,68,7.6,1.70486,2.61099,7.58722,0.0172276
60,1,0.25,6.2,9.79248,9.47797,6.52152,-0.503943
60,1,0.75,16.96,22.3121,21.6736,16.1846,0.490159
60,1,1.75,27.56,31.3804,30.8187,26.402,0.448809
60,1,4,26.93,27.6399,28.2512,29.7144,-0.958912
60,1,5,33.33,24.138,25.2114,28.1588,1.87926
60,1,9,22.78,13.169,15.1052,19.878,1.49376
60,1,14,12.59,6.07233,7.85235,12.1556,0.365574
60,1,18,7.67,3.26769,4.65144,8.17255,-0.62875
60,1,22,5.03,1.75842,2.75533,5.49348,-0.862164
60,2,24.25,10.96,10.3734,10.9093,10.4235,0.526389
60,2,24.75,19.17,21.953,22.1572,19.1887,-0.00998565
60,2,25.75,26.89,30.238,30.4219,28.2758,-0.501546
60,2,28,27.19,26.4624,27.5653,30.6048,-1.14183
60,2,29,23.21,23.0986,24.5792,28.8891,-2.01169
60,2,33,19.99,12.5979,14.7296,20.3669,-0.189367
60,2,38,13.46,5.80896,7.66669,12.5127,0.774427
60,2,42,9.23,3.12597,4.5461,8.4478,0.946767
60,2,46,5.76,1.68218,2.69568,5.70241,0.103217
61,1,0.25,5.53,5.61137,5.42779,5.96435,-0.744304
61,1,1,17.89,14.939,14.5351,16.4602,0.888712
61,1,2,20.23,18.2589,17.9856,21.0076,-0.378743
61,1,4,19.65,15.8346,16.1709,19.6214,0.0149122
61,1,6,18.5,11.9418,12.7453,15.794,1.7528
61,1,9,10.52,7.545,8.6414,10.9442,-0.396454
61,1,10,8.44,6.46393,7.58173,9.66526,-1.29643
61,1,12,7.16,4.74252,5.83467,7.53435,-0.507979
61,1,16,4.79,2.55222,3.45484,4.57638,0.476837
61,1,18,3.7,1.87228,2.65846,3.5666,0.381875
62,1,1,29.09,29.0021,28.1965,25.1195,1.61745
62,1,1.25,30.86,31.8889,31.0822,27.7623,1.1418
62,1,1.5,29.44,33.7783,33.0192,29.5186,-0.0272411
62,1,1.75,33.33,34.9065,34.2308,30.5784,0.920872
62,1,3,24.84,34.2443,34.2559,29.8202,-1.70906
62,1,4,27.05,30.7456,31.3602,26.1822,0.339152
62,1,5,19.15,26.8502,27.9789,22.1212,-1.37433
62,1,7,12.35,19.9271,21.7348,15.0827,-1.85353
62,1,8,14.27,17.0925,19.0857,12.3395,1.60029
62,1,9,9.77,14.6487,16.7481,10.071,-0.305631
62,1,10,8.25,12.5498,14.6927,8.20926,0.0507429
62,1,11,5.6,10.7499,12.8881,6.68737,-1.66213
62,1,18,1.51,3.63486,5.14732,1.58508,-0.482012
62,1,20,1.05,2.66648,3.95996,1.05079,-0.00765718
62,1,22,0.74,1.95605,3.04646,0.696162,0.635961
62,2,25,15.17,18.5091,18.8694,15.1118,0.0394015
62,2,25.25,16.79,20.1808,20.5163,16.6732,0.0716846
62,2,25.5,16.34,21.2609,21.6001,17.718,-0.795729
62,2,25.75,17.51,21.8893,22.2543,18.3558,-0.471433
62,2,27,15.9,21.3025,21.9696,17.9673,-1.1772
62,2,28,16.9,19.0894,20.0469,15.8377,0.686211
62,2,29,12.89,16.6583,17.8641,13.4319,-0.412726
62,2,31,9.23,12.3577,13.8724,9.22092,0.0100681
62,2,32,8.7,10.5993,12.1833,7.56759,1.5299
62,2,33,7.85,9.08362,10.6934,6.19512,2.7303
62,2,34,6.19,7.78201,9.38324,5.06492,2.26965
62,2,35,4.39,6.66592,8.23279,4.13805,0.621845
62,2,42,0.95,2.25394,3.29392,1.00093,-0.515991
62,2,44,0.69,1.65342,2.53536,0.667099,0.346493
62,2,46,0.35,1.21288,1.95149,0.444603,-2.13271
62,3,49,17.21,19.5069,19.5567,16.2936,0.575376
62,3,49.25,16.89,21.342,21.3681,17.9852,-0.623023
62,3,49.5,19.3,22.5346,22.5676,19.1123,0.100473
62,3,49.75,20.84,23.2361,23.3004,19.7957,0.539752
62,3,51,16.95,22.6888,23.105,19.3373,-1.26314
62,3,52,15.25,20.3483,21.1057,17.018,-1.06289
62,3,53,15.51,17.7627,18.8175,14.4145,0.777504
62,3,55,10.61,13.1795,14.6218,9.87804,0.757805
62,3,56,7.94,11.3044,12.8448,8.10191,-0.204338
62,3,57,5.81,9.68805,11.2769,6.62915,-1.26312
62,3,58,5.81,8.29986,9.89778,5.41734,0.740678
62,3,59,4.56,7.10952,8.68646,4.42418,0.313591
62,3,66,1.16,2.40394,3.48165,1.06745,0.879723
62,3,68,0.65,1.76345,2.68124,0.710941,-0.865932
62,3,70,0.49,1.29361,2.06481,0.473502,0.349666
63,1,0.25,7.02,9.13231,8.82251,6.42424,0.947911
63,1,1,18,24.3148,23.6208,17.6983,0.174399
63,1,1.25,17.41,26.7352,26.0354,19.6359,-1.15983
63,1,1.75,24.58,29.2651,28.6691,21.8157,1.29655
63,1,7,11.83,16.7066,18.194,12.406,-0.474898
63,1,8,8.69,14.3301,15.9748,10.4835,-1.74972
63,1,10,7.35,10.5215,12.2952,7.45101,-0.138597
63,1,20,1.37,2.23532,3.30994,1.33338,0.279178
63,2,24.25,7.79,12.0503,12.4403,8.2175,-0.531932
63,2,25,22.38,30.0264,29.9128,21.4858,0.425866
63,2,25.25,19.96,32.8706,32.7291,23.7688,-1.6397
63,2,25.75,25.62,35.8113,35.746,26.3373,-0.278697
63,2,31,15.72,20.3285,22.4569,15.0291,0.470305
63,2,32,14.64,17.4363,19.7212,12.715,1.54866
63,2,34,9.1,12.802,15.1857,9.05779,0.0476574
63,2,44,1.57,2.72002,4.09877,1.64011,-0.435056
64,1,0.75,9.9,18.0502,17.4849,11.4154,-1.35777
64,1,1.25,16.29,23.1923,22.5676,15.8788,0.264961
64,1,4,23.13,22.3611,22.7535,20.6794,1.21253
64,1,5,19.73,19.5279,20.296,19.331,0.211205
64,1,6,17.52,16.8627,17.9213,17.6394,-0.0692467
64,1,10,11.36,9.12729,10.6468,11.2026,0.143696
64,1,11,8.61,7.8183,9.33711,9.92522,-1.3552
64,1,18,4.21,2.64358,3.72343,4.20049,0.0231127
64,1,20,3.4,1.93916,2.86326,3.28272,0.364674
65,1,5,20.06,24.6811,25.6239,21.1406,-0.523001
65,1,18,9.64,3.34118,4.69405,9.49709,0.153889
66,1,1,27.63,27.5373,26.6941,25.1175,1.02357
66,1,1.75,28.21,33.1437,32.3937,31.3704,-1.03098
66,1,3,29.87,32.5149,32.397,32.5553,-0.84411
66,1,5,24.28,25.4942,26.4359,27.6648,-1.25205
66,1,6,27.7,22.0147,23.3373,24.8111,1.19146
66,1,7,25.38,18.9208,20.518,22.1306,1.5024
66,1,14,9.65,6.41351,8.18512,9.67824,-0.0298408
66,2,25,22.86,24.012,24.0903,23.4134,-0.241851
66,2,25.75,26.82,28.5309,28.6136,28.3561,-0.55435
66,2,27,29.48,27.8266,28.3275,28.9972,0.170391
66,2,29,25.73,21.7764,23.0387,24.5132,0.507923
66,2,30,20.87,18.8002,20.3337,21.9719,-0.51315
66,2,31,20.97,16.1566,17.8781,19.5946,0.718193
66,2,38,8.19,5.47619,7.14369,8.57559,-0.459769
66,3,49,18.68,17.9837,18.1649,17.8006,0.505465
66,3,49.75,21.43,21.3298,21.4929,21.4303,-0.000145854
66,3,51,21.97,20.786,21.2359,21.8423,0.0598273
66,3,53,17.25,16.2619,17.2624,18.441,-0.660772
66,3,54,16.38,14.0389,15.2372,16.5279,-0.0915417
66,3,55,15.94,12.0646,13.3996,14.7405,0.832457
66,3,62,6.29,4.08921,5.36347,6.45926,-0.267851
67,1,0.5,13.04,11.2934,10.8983,12.325,0.593388
67,1,1.25,19.08,19.0006,18.4504,21.6226,-1.20319
67,1,1.5,21.02,20.1254,19.5961,23.1942,-0.959174
67,1,2,27.28,21.123,20.6988,24.9226,0.967889
67,1,3,27.89,20.402,20.3105,25.0715,1.15034
67,1,4,22.03,18.3184,18.5832,23.2941,-0.555305
67,1,5,21.19,15.9981,16.5704,20.959,0.112769
67,1,8,15.25,10.1846,11.2851,14.4114,0.595313
67,1,10,12.45,7.47787,8.67812,11.0997,1.24423
67,1,14,6.96,4.02481,5.12564,6.56519,0.614713
67,1,16,5.04,2.9525,3.93897,5.04808,-0.0163529
67,1,18,3.32,2.16587,3.02702,3.8815,-1.47723
67,1,20,2.98,1.58882,2.32619,2.9845,-0.0153947
67,1,22,2.4,1.16555,1.78761,2.2948,0.467338
68,1,0.25,3.85,7.26179,6.99368,5.13489,-2.55678
68,1,0.75,12.86,16.5455,15.9832,12.6303,0.186014
68,1,1,14.57,19.3329,18.7141,15.2801,-0.475428
68,1,1.25,19.61,21.2549,20.6236,17.3541,1.32997
68,1,3,23.33,22.8225,22.6976,22.0786,0.579938
68,1,7,14.38,13.2823,14.3631,14.8748,-0.340271
68,1,9,11.53,9.7641,11.0533,11.1689,0.330665
68,1,14,4.6,4.50233,5.7211,5.26278,-1.28686
68,2,24.25,7.68,9.6125,9.87119,7.28821,0.549575
68,2,24.75,16.55,20.6537,20.5413,16.2179,0.209505
68,2,25,19.85,23.9575,23.76,19.3596,0.259194
68,2,25.25,21.39,26.2272,25.9954,21.8094,-0.196748
68,2,27,30.19,27.9173,28.1697,27.2191,1.11693
68,2,31,17.69,16.2205,17.7809,18.2315,-0.303901
68,2,33,12.48,11.9235,13.689,13.6926,-0.905934
68,2,38,7.21,5.498,7.09421,6.46679,1.17476
69,1,3,27.11,24.2146,24.0543,28.9079,-0.636458
69,1,4,28.49,21.7405,22.0025,25.2844,1.29735
69,1,9,11.02,10.358,11.705,11.5393,-0.460268
69,1,10,10.08,8.8739,10.2607,9.83956,0.249899
69,1,12,6.03,6.51069,7.88256,7.15399,-1.60619
69,1,16,3.96,3.50368,4.65117,3.78169,0.481451
69,1,18,2.75,2.57022,3.57275,2.74945,0.00203649
69,1,22,1.38,1.38292,2.10796,1.45339,-0.513554
69,2,27,30.3,25.1877,25.4558,29.8776,0.144678
69,2,28,27.13,22.5888,23.2368,26.1643,0.377704
69,2,33,11.91,10.7545,12.3566,12.0609,-0.127955
69,2,34,9.19,9.21353,10.8345,10.306,-1.10746
69,2,36,8.31,6.75985,8.32763,7.52469,1.067
69,2,40,4.32,3.63777,4.91886,4.01094,0.786933
69,2,42,2.91,2.66856,3.78035,2.92761,-0.0613926
69,2,46,1.66,1.43503,2.23289,1.55974,0.654023
70,1,1,18.14,15.2319,14.7228,19.0774,-0.502735
70,1,4,15.74,16.1451,16.3238,14.6749,0.742477
70,1,5,12.69,14.1001,14.5508,12.3236,0.304125
70,1,6,9.05,12.1759,12.8397,10.3297,-1.26698
70,1,7,7.89,10.4649,11.2836,8.6545,-0.903269
70,1,9,5.67,7.69294,8.67966,6.07365,-0.679267
70,1,14,2.57,3.54729,4.48762,2.50553,0.262413
70,1,18,1.21,1.90887,2.64679,1.23396,-0.197258
70,1,22,0.64,1.02697,1.56103,0.607665,0.53634
70,2,25,41.57,29.6416,29.1036,36.9131,1.2911
70,2,28,30.6,31.141,31.7414,28.1177,0.903399
70,2,29,17.95,27.1894,28.2816,23.5734,-2.44098
70,2,30,20.84,23.4765,24.9545,19.7281,0.576664
70,2,31,15.61,20.1764,21.9329,16.5031,-0.553645
70,2,33,10.93,14.8317,16.8784,11.5459,-0.54558
70,2,38,4.63,6.839,8.73763,4.7265,-0.208585
70,2,42,1.94,3.68026,5.1587,2.31329,-1.64512
70,2,46,1.14,1.98044,3.04567,1.13219,0.0700187
70,3,49,25.65,22.332,22.449,26.9715,-0.501388
70,3,52,19.25,23.135,23.9226,20.7436,-0.736742
70,3,53,16.68,20.1912,21.3042,17.471,-0.463235
70,3,54,16.85,17.4311,18.7966,14.6889,1.50509
70,3,55,13.95,14.9797,16.5225,12.3447,1.33013
70,3,57,10.11,11.0111,12.7203,8.71708,1.63396
70,3,62,3.07,5.07726,6.59338,3.6519,-1.6269
70,3,66,2,2.73222,3.89674,1.82052,1.00395
70,3,70,0.98,1.46997,2.30297,0.907555,0.808687
71,1,0.25,10.51,5.50134,5.28835,11.5891,-0.952388
71,1,0.5,20.98,9.57069,9.2115,18.8714,1.14323
71,1,1,27.26,14.6461,14.1462,25.5383,0.68988
71,1,1.75,24.86,17.6243,17.1556,26.1071,-0.488807
71,1,3,18.27,17.2898,17.1439,20.4124,-1.07392
71,1,4,17.33,15.5241,15.6785,15.6939,1.06654
71,1,5,11.64,13.5577,13.9739,11.8879,-0.213309
71,1,6,8.61,11.7076,12.3293,8.9638,-0.403611
71,1,7,6.92,10.0624,10.8339,6.74929,0.258553
71,1,8,5.72,8.63106,9.50413,5.0796,1.28816
71,1,10,2.8,6.33719,7.30221,2.87629,-0.270627
71,1,18,0.29,1.83557,2.53824,0.295211,-0.17507
71,1,20,0.18,1.34577,1.94885,0.166978,0.755435
71,1,22,0.09,0.987178,1.49636,0.0946194,-0.45426
72,1,3,37.99,26.6357,26.3807,38.6936,-0.186089
72,1,6,27.49,18.0339,18.964,25.023,1.00884
72,1,10,12.16,9.76121,11.2266,13.6005,-1.08349
72,1,11,12.32,8.3613,9.83697,11.6764,0.563788
72,1,18,3.72,2.82718,3.89887,4.01396,-0.747907
72,2,27,53.79,30.4381,30.6116,44.2291,2.21235
72,2,30,22.79,20.576,21.9469,28.561,-2.06772
72,2,34,14.27,11.1361,13.002,15.5132,-0.819856
72,2,35,12.25,9.53896,11.3955,13.3164,-0.819172
72,2,42,4.73,3.2254,4.52476,4.57267,0.351476
72,3,51,43.7,29.8453,30.0869,43.167,0.12638
72,3,54,26.29,20.1698,21.5642,28.0478,-0.641335
72,3,58,15.14,10.916,12.787,15.3666,-0.15084
72,3,59,14.57,9.35043,11.2099,13.219,1.04542
72,3,66,5.12,3.16165,4.45909,4.60845,1.13397
73,1,1,9.73,18.749,18.0806,9.37858,0.383192
73,1,1.75,10.87,22.5669,21.9224,12.5315,-1.35619
73,1,4,14.53,19.8769,20.0238,14.3247,0.146625
73,1,6,12.21,14.9893,15.7392,13.0803,-0.680606
73,1,14,7.73,4.36679,5.48658,7.5598,0.230182
73,1,16,7.16,3.20336,4.2108,6.56463,0.927065
73,1,20,4.43,1.72382,2.48025,4.94963,-1.07263
74,1,0.25,13.87,10.2326,9.81804,14.2329,-0.260838
74,1,1,32.16,27.2443,26.2543,30.9482,0.40069
74,1,1.25,36.16,29.9561,28.927,32.3213,1.21542
74,1,1.75,32.64,32.7907,31.8294,32.5904,0.0155816
74,1,3,29.8,32.1685,31.7925,28.4723,0.477179
74,1,6,20.08,21.7803,22.8403,18.1093,1.11339
74,1,7,12.97,18.7193,20.0634,15.5283,-1.6855
74,1,11,6.82,10.0984,11.8349,8.39294,-1.91632
74,1,18,3.26,3.41451,4.68358,2.85944,1.42923
74,1,20,2.07,2.50479,3.59374,2.1022,-0.156097
74,1,22,1.5,1.83742,2.7575,1.54549,-0.299445
74,2,24.25,13.16,9.65893,10.0862,12.7417,0.33578
74,2,25,24.16,23.4138,23.3237,26.2658,-0.820418
74,2,25.25,29.38,25.5835,25.441,27.3439,0.761978
74,2,25.75,25.14,27.8149,27.6838,27.485,-0.873079
74,2,27,23.11,27.1259,27.3738,23.9698,-0.367032
74,2,30,15.56,18.3262,19.5956,15.2639,0.198468
74,2,31,14.21,15.7492,17.2139,13.0957,0.870395
74,2,35,7.27,8.49556,10.1629,7.09395,0.253707
74,2,42,2.23,2.87259,4.02917,2.42636,-0.825194
74,2,44,1.86,2.10681,3.09321,1.7858,0.423117
74,2,46,1.34,1.54488,2.37468,1.31434,0.198409
75,1,0.25,9.1,8.47214,8.12384,9.69387,-0.626514
75,1,0.5,16.66,14.7393,14.1484,16.8153,-0.0944597
75,1,1.75,31.74,27.1497,26.3313,30.7371,0.333893
75,1,2,33.8,27.5768,26.8265,31.2142,0.847741
75,1,3,31.71,26.6348,26.2967,30.2345,0.4994
75,1,4,28.67,23.9135,24.0374,27.3411,0.497393
75,1,5,26.72,20.8837,21.4142,24.1143,1.10569
75,1,6,20.82,18.0334,18.8854,21.0633,-0.118201
75,1,7,15.37,15.499,16.5876,18.3277,-1.65112
75,1,11,9.42,8.36112,9.78025,10.4155,-0.977486
75,1,18,3.8,2.82711,3.8675,3.86285,-0.16616
75,1,20,3.09,2.07377,2.96692,2.90954,0.63285
76,1,1,34.15,28.7091,27.627,33.4039,0.228573
76,1,1.25,35.3,31.5668,30.4394,35.8526,-0.157728
76,1,1.5,36.03,33.4371,32.3209,37.2073,-0.323818
76,1,1.75,38.37,34.5539,33.4911,37.7983,0.154786
76,1,8,19.31,16.9198,18.4848,19.1921,0.0628786
76,1,9,18.17,14.5007,16.196,16.8934,0.7731
76,1,10,15.91,12.423,14.1867,14.8698,0.715646
76,1,14,8.4,6.68641,8.34629,8.92576,-0.602342
76,1,16,5.83,4.90495,6.40138,6.91559,-1.60473
76,1,18,5.81,3.59811,4.90967,5.35789,0.862273
76,1,20,4.28,2.63947,3.76561,4.15106,0.317246
77,1,0.5,20.31,17.802,17.0657,20.5285,-0.108919
77,1,0.75,26.55,23.3149,22.3811,27.0412,-0.185896
77,1,1.25,38.26,29.9562,28.8604,35.1166,0.91606
77,1,1.75,34.37,32.7909,31.7496,38.8104,-1.17093
77,1,5,31.06,25.2229,25.8004,31.1874,-0.04179
77,1,7,23.16,18.7194,19.9761,23.594,-0.18821
77,1,8,19.4,16.0565,17.5126,20.4192,-0.510721
77,1,10,16.86,11.7892,13.4376,15.2555,1.07596
77,1,16,6.1,4.65469,6.05937,6.34151,-0.38927
77,1,20,3.46,2.50483,3.56282,3.53145,-0.206565
77,1,22,2.7,1.83746,2.73198,2.63531,0.250366
78,1,0.25,12.04,5.94145,5.68659,11.5232,0.458747
78,1,1.25,26.68,17.3904,16.7447,26.8747,-0.0741235
78,1,1.5,28.94,18.4198,17.7778,27.4268,0.564597
78,1,1.75,28.58,19.0343,18.4199,27.4874,0.406754
78,1,3,19.34,18.673,18.3868,24.9225,-2.29208
78,1,6,16.99,12.6442,13.1911,17.3714,-0.224606
78,1,7,18.34,10.8674,11.5822,15.3588,1.98574
78,1,9,10.7,7.98881,8.89364,12.005,-1.11186
78,1,18,3.9,1.9823,2.69069,3.96135,-0.158161
78,1,20,3.15,1.4541,2.06276,3.09627,0.177085
79,1,0.25,4.6,5.83143,5.57781,4.56255,0.0838553
79,1,0.75,10.62,13.2865,12.737,10.676,-0.0536062
79,1,1,11.43,15.5249,14.9073,12.6372,-0.977117
79,1,1.75,15.67,18.6818,18.0636,15.7884,-0.0766928
79,1,2,15.79,18.9749,18.4009,16.231,-0.277983
79,1,3,17.31,18.3272,18.0284,16.4239,0.551996
79,1,7,11.56,10.6661,11.3512,11.336,0.202145
79,1,9,8.89,7.84087,8.71433,9.04708,-0.177553
79,1,12,6.79,4.9285,5.84929,6.42931,0.573447
79,1,16,4.48,2.65224,3.43635,4.07446,1.01651
79,2,24.25,9.85,9.98113,10.0071,8.92167,1.06403
79,2,24.75,18.8,21.7393,21.2848,18.6049,0.107298
79,2,25,23.49,25.2605,24.6839,21.682,0.853242
79,2,25.75,28.42,30.1926,29.5645,26.5329,0.727819
79,2,26,22.08,30.6351,30.061,27.1807,-1.92032
79,2,27,31.48,29.5276,29.3375,27.2775,1.57655
79,2,31,18.72,17.1629,18.437,18.658,0.0340115
79,2,33,16.14,12.6163,14.16,14.8626,0.879272
79,2,36,10.72,7.93014,9.5118,10.5354,0.179198
79,2,40,6.95,4.26756,5.59379,6.65468,0.453636
79,3,48.25,9.85,10.8715,11.1591,10.2272,-0.377179
79,3,48.75,19.8,23.1582,22.9269,20.2929,-0.248513
79,3,49,22.78,26.8326,26.4621,23.4814,-0.305648
79,3,49.75,29.24,31.9591,31.5001,28.4736,0.275458
79,3,50,33.2,32.4103,31.9979,29.1266,1.43114
79,3,51,25.2,31.2048,31.1644,29.143,-1.38456
79,3,55,17.81,18.126,19.5734,19.9057,-1.0772
79,3,57,15.16,13.3241,15.0398,15.8613,-0.452354
79,3,60,11.47,8.375,10.1105,11.2496,0.200353
79,3,64,6.04,4.50695,5.95204,7.11126,-1.54003
80,1,0.25,5.5,10.2326,9.78144,6.2082,-1.16597
80,1,0.5,12.22,17.802,17.032,11.2924,0.84019
80,1,0.75,17.3,23.3149,22.3343,15.4224,1.2455
80,1,1,18.78,27.2443,26.1391,18.7416,0.0209422
80,1,1.25,21.01,29.9561,28.7939,21.3745,-0.174483
80,1,1.75,22.72,32.7907,31.67,24.9864,-0.928162
80,1,8,13.54,16.0565,17.4305,16.2468,-1.70451
80,1,10,12.1,11.7891,13.3657,11.9474,0.130657
80,1,18,3.59,3.41451,4.60931,3.30298,0.88701
80,1,22,1.55,1.83742,2.70664,1.72754,-1.04628
80,2,24.25,4.27,6.79816,7.27426,4.51746,-0.559569
80,2,24.5,6.34,10.8173,11.1105,7.19257,-1.21181
80,2,24.75,10.46,13.7325,13.8963,9.35939,1.20255
80,2,25,9.98,15.7986,15.8776,11.0951,-1.02795
80,2,25.25,12.11,17.211,17.2412,12.4664,-0.292423
80,2,25.75,16.55,18.6507,18.6655,14.3305,1.58444
80,2,32,9.94,9.02059,10.0776,9.1285,0.909066
80,2,34,6.59,6.62293,7.73101,6.72871,-0.210728
80,2,42,2.16,1.91822,2.67162,1.88233,1.50246
80,2,46,0.92,1.03224,1.57043,0.990551,-0.722183
81,1,1.25,24.31,20.6155,19.7999,23.749,0.241713
81,1,1.75,25.24,22.5669,21.7762,25.0039,0.0966233
81,1,2,23.22,22.9221,22.1814,24.9227,-0.699086
81,1,5,16.34,17.3585,17.6679,15.372,0.644226
81,1,6,11.81,14.9893,15.5709,12.4534,-0.528507
81,1,8,8.58,11.0501,11.9764,8.09742,0.609363
81,1,9,6.13,9.4702,10.4877,6.52018,-0.611691
81,1,11,4.34,6.9497,8.03709,4.2249,0.27825
81,1,14,2.46,4.3668,5.3898,2.20296,1.18931
81,1,22,0.35,1.26451,1.85686,0.387964,-0.977827
82,1,0.25,6.14,10.1226,9.66422,5.67149,0.844217
82,1,0.75,11.56,23.0642,22.0634,13.7898,-1.65411
82,1,1,16,26.9513,25.8201,16.6133,-0.377674
82,1,4,24.24,28.5715,28.4964,23.4119,0.361944
82,1,7,21.04,18.518,19.618,18.5478,1.37478
82,1,8,17.64,15.8838,17.1891,16.9016,0.446979
82,1,10,13.18,11.6623,13.1748,13.963,-0.573651
82,1,11,11.85,9.98979,11.5314,12.6782,-0.668231
82,1,18,5.62,3.37781,4.53546,6.43073,-1.28865
82,1,20,6.2,2.47786,3.47398,5.29625,1.74366
82,1,22,3.66,1.81767,2.66093,4.3619,-1.64368
82,2,24.25,8.3,10.5252,10.8132,8.66902,-0.435273
82,2,24.75,14.78,22.2423,22.0114,15.9025,-0.722154
82,2,25,18.99,25.7445,25.3758,18.3962,0.330252
82,2,28,27.19,26.7963,27.1773,23.8064,1.45437
82,2,31,17.28,17.3541,18.6927,18.7783,-0.816352
82,2,32,18.65,14.885,16.3812,17.1133,0.918725
82,2,34,14.99,10.9287,12.5614,14.1477,0.609044
82,2,35,13.44,9.36137,10.9973,12.8517,0.46825
82,2,42,6.88,3.16535,4.33327,6.54127,0.529325
82,2,44,5.66,2.32202,3.32061,5.39269,0.506536
82,2,46,4.74,1.70333,2.54432,4.44578,0.676028
82,3,48.25,7.13,7.14368,7.57307,6.90688,0.330227
82,3,48.75,11.14,14.6477,14.7298,11.5055,-0.32496
82,3,49,14.35,16.8859,16.8705,13.0769,0.995837
82,3,52,15.78,17.4373,17.8259,16.1743,-0.249399
82,3,55,12.42,11.2889,12.26,12.6931,-0.220123
82,3,56,10.43,9.68254,10.7463,11.56,-0.999822
82,3,58,8.61,7.10897,8.24451,9.54791,-1.00457
82,3,59,7.18,6.08941,7.21975,8.67001,-1.75733
82,3,66,4.82,2.059,2.84997,4.40261,0.968412
82,3,68,3.25,1.51043,2.18523,3.6272,-1.06175
82,3,70,3.11,1.108,1.67553,2.98835,0.415394
83,1,0.25,5.28,6.82168,6.50877,5.74893,-0.833606
83,1,1.75,22.32,21.8541,21.0604,19.2796,1.61352
83,1,3,20.24,21.4393,21.0058,20.1854,0.0276877
83,1,5,17.64,16.8116,17.0736,18.0856,-0.252059
83,1,8,12.95,10.7025,11.5658,14.4041,-1.03273
83,1,11,11.9,6.73113,7.7564,11.3962,0.452191
83,1,14,8.56,4.22946,5.19811,9.01323,-0.514211
83,1,16,8.35,3.10262,3.98067,7.70826,0.851191
83,1,20,5.92,1.66961,2.33441,5.63777,0.511585
83,1,22,4.63,1.2248,1.78769,4.82151,-0.405802
84,1,0.25,5.24,7.26179,6.92438,5.13924,0.200324
84,1,0.75,12.98,16.5455,15.806,12.7845,0.156404
84,1,1.25,16.68,21.2549,20.3716,17.7702,-0.62769
84,1,2,23.73,23.6291,22.8148,21.8822,0.864059
84,1,3,23.86,22.8225,22.3387,23.5891,0.117524
84,1,9,12.82,9.7641,10.7611,14.025,-0.8789
84,1,11,10.59,7.1654,8.24113,11.011,-0.391061
84,1,12,8.87,6.13737,7.21119,9.74043,-0.913887
84,1,14,7.63,4.50233,5.52114,7.61183,0.0244081
84,2,24.25,7.98,9.17238,9.29016,7.97456,0.0069762
84,2,24.75,16.13,19.6511,19.2962,16.5329,-0.249339
84,2,25.25,20.84,24.9391,24.3885,22.0756,-0.572725
84,2,26,27.58,27.5515,27.0271,26.5815,0.384385
84,2,27,31.47,26.5342,26.3297,28.325,1.13623
84,2,33,16.53,11.3318,12.6568,16.6944,-0.10075
84,2,35,14.17,8.31579,9.69774,13.1153,0.822613
84,2,36,12.82,7.12271,8.48795,11.6067,1.0692
84,2,38,9.18,5.22516,6.50204,9.07854,0.114281
85,1,0.25,6.86,8.91225,8.49283,6.73672,0.187057
85,1,1.5,22.59,27.6369,26.5172,19.3299,1.72561
85,1,2,20.94,29.0092,27.9756,20.0922,0.431724
85,1,4,16.7,25.1556,25.0053,18.1292,-0.806566
85,1,5,17.23,21.9684,22.2508,16.5756,0.403889
85,1,6,15.13,18.9701,19.6011,15.0923,0.0255398
85,1,7,13.43,16.3041,17.1969,13.7245,-0.219502
85,1,10,10.86,10.268,11.5374,10.3063,0.549408
85,1,11,9.94,8.79543,10.0949,9.36719,0.62535
85,1,18,4.68,2.97396,3.96116,4.79869,-0.252688
85,2,24.25,9.79,10.1519,10.3337,9.44334,0.375402
85,2,25.5,22.77,28.8994,28.3007,21.8675,0.422316
85,2,26,22.58,30.217,29.6686,22.527,0.0240689
85,2,28,20.2,26.0896,26.3189,20.1431,0.0289036
85,2,29,19.24,22.7741,23.4032,18.3996,0.467295
85,2,30,15.47,19.6624,20.6129,16.7435,-0.778142
85,2,31,14.11,16.8978,18.086,15.2189,-0.745422
85,2,34,12.55,10.6414,12.1417,11.414,1.01798
85,2,35,10,9.11527,10.6263,10.3696,-0.364497
85,2,42,5.02,3.08214,4.17742,5.29671,-0.533834
85,3,48.25,6.38,7.00207,7.38565,7.22947,-1.20125
85,3,49.5,14.16,19.0415,18.8777,15.0659,-0.615137
85,3,50,12.78,19.8664,19.7178,15.4512,-1.76865
85,3,52,13.21,17.1092,17.4173,13.7945,-0.433444
85,3,53,11.84,14.9309,15.4829,12.6192,-0.6316
85,3,54,10.67,12.8893,13.6371,11.5031,-0.740799
85,3,55,9.82,11.0765,11.9671,10.4746,-0.639108
85,3,58,8.32,6.97527,8.03959,7.89897,0.544975
85,3,59,8.04,5.97488,7.03798,7.18934,1.20964
85,3,66,4.11,2.02028,2.77181,3.71967,1.07147
86,1,1.25,28.84,28.9901,27.7407,30.8407,-0.663879
86,1,1.5,32.9,30.7078,29.4452,31.405,0.487164
86,1,2,31.93,32.2327,31.0636,31.0458,0.291442
86,1,6,17.51,21.078,21.7522,19.0588,-0.831459
86,1,7,16.33,18.1157,19.0819,16.689,-0.220056
86,1,9,13.04,13.3171,14.6264,12.7953,0.195616
86,1,14,6.27,6.14063,7.496,6.58549,-0.489703
86,1,22,2.43,1.77798,2.57116,2.27535,0.692894
86,2,25.25,25.12,23.6156,23.2457,25.4904,-0.148713
86,2,25.5,26.26,24.9095,24.5089,25.8741,0.152605
86,2,26,24.02,26.0166,25.6504,25.4918,-0.590798
86,2,30,17.93,16.9042,17.7753,15.5997,1.52827
86,2,31,12.79,14.5271,15.594,13.6585,-0.650451
86,2,33,10.32,10.6784,11.9576,10.4697,-0.146238
86,2,38,4.6,4.92387,6.13607,5.38578,-1.4909
86,2,46,1.89,1.42584,2.10902,1.85932,0.168069
86,3,49.25,35.3,28.233,27.5653,30.3945,1.65162
86,3,49.5,29.1,29.8213,29.115,30.8656,-0.585397
86,3,50,30.47,31.1971,30.5317,30.4193,0.0170618
86,3,54,15.86,20.3142,21.2171,18.6402,-1.52605
86,3,55,16.96,17.4582,18.6183,16.3277,0.396172
86,3,57,13.84,12.8333,14.2839,12.5266,1.07247
86,3,62,6.9,5.91749,7.33934,6.45776,0.700005
86,3,70,2.22,1.71359,2.52787,2.23701,-0.0775299
87,1,0.5,18.98,18.1848,17.318,20.8944,-0.937499
87,1,0.75,28.36,23.8163,22.7035,27.1877,0.441257
87,1,1.5,39.91,32.4135,31.0505,36.5195,0.950145
87,1,1.75,36.56,33.496,32.162,37.6522,-0.296877
87,1,2,42.59,34.0227,32.7538,38.192,1.17851
87,1,5,33.13,25.7652,26.0323,29.8783,1.11372
87,1,10,15.31,12.0427,13.4831,15.6905,-0.248123
87,1,12,11.81,8.83558,10.3172,12.0909,-0.237648
87,1,14,11.46,6.48171,7.89397,9.31669,2.35256
87,1,18,5.51,3.48796,4.62112,5.53174,-0.0401568
87,2,24.5,15.47,13.3323,13.4376,16.1559,-0.434316
87,2,24.75,22.82,17.017,16.9436,20.2384,1.30516
87,2,25.5,22.63,22.5793,22.2852,26.208,-1.39705
87,2,25.75,22.95,23.2549,22.961,26.8956,-1.5012
87,2,26,28.7,23.5638,23.2945,27.1926,0.567258
87,2,29,22.18,17.716,18.2979,21.0747,0.536649
87,2,34,9.95,8.27661,9.48049,11.0481,-1.01657
87,2,36,8.59,6.07243,7.25814,8.50866,0.0977448
87,2,38,7.37,4.45468,5.55628,6.55266,1.27502
87,2,42,3.71,2.39719,3.25604,3.8862,-0.462991
87,3,48.5,21.05,17.5273,17.2593,20.8304,0.107876
87,3,48.75,26.61,22.6501,22.141,26.5317,0.030202
87,3,49.5,38.54,30.4245,29.62,34.8741,1.07578
87,3,49.75,31.92,31.386,30.585,35.8452,-1.12065
87,3,50,37.48,31.84,31.0768,36.2754,0.339856
87,3,53,24.44,24.0248,24.5257,28.1064,-1.33491
87,3,58,13.38,11.2267,12.7254,14.6733,-0.901657
87,3,60,9.89,8.23691,9.74745,11.2822,-1.26212
87,3,62,8.8,6.04252,7.4658,8.67447,0.14797
87,3,66,4.74,3.25166,4.3796,5.12787,-0.772871
88,1,0.25,6.36,6.60162,6.27923,6.04738,0.52836
88,1,0.5,10.07,11.4848,10.9304,10.7105,-0.611627
88,1,7,11.61,12.0748,12.6828,12.1037,-0.41719
88,1,9,10.1,8.87646,9.71721,8.53935,1.86877
88,1,11,5.95,6.514,7.4351,5.98909,-0.0667137
88,1,16,2.36,3.00254,3.80524,2.45426,-0.39165
88,1,22,0.81,1.18529,1.7032,0.843783,-0.4053
89,1,0.75,17.4,18.0502,17.1829,16.1594,0.78545
89,1,1.75,27.47,25.3873,24.3346,25.1878,0.927147
89,1,3,26.41,24.9058,24.2482,26.3758,0.0132532
89,1,4,23.78,22.3611,22.1277,23.9117,-0.0563694
89,1,6,16.46,16.8627,17.3295,16.9552,-0.298785
89,1,7,12.85,14.4928,15.1972,13.7444,-0.665696
89,1,8,11.48,12.4312,13.3052,10.986,0.459953
89,1,9,8.93,10.6538,11.641,8.6972,0.273704
89,1,12,3.76,6.6966,7.78791,4.17596,-1.01735
89,1,16,1.56,3.60373,4.55504,1.51839,0.278757
89,1,20,0.59,1.93916,2.66409,0.545443,0.821947
89,2,24.75,9.99,13.4618,13.3542,11.3888,-1.25626
89,2,25.75,16.8,18.4188,18.1274,17.5874,-0.458076
89,2,27,15.32,17.9446,17.8619,18.3216,-1.67618
89,2,28,18.65,16.0847,16.2557,16.5589,1.29199
89,2,30,11.19,12.1186,12.715,11.6762,-0.4259
89,2,31,9.77,10.4143,11.1508,9.43908,0.358525
89,2,32,8.35,8.9325,9.76418,7.5237,1.12283
89,2,33,5.76,7.65523,8.54474,5.93945,-0.308788
89,2,36,2.69,4.81173,5.72079,2.82697,-0.494315
89,2,40,0.9,2.5894,3.34953,1.01549,-1.15342
89,2,44,0.33,1.39344,1.96112,0.36032,-0.839302
89,3,48.75,18.84,22.4754,21.8298,19.567,-0.380152
89,3,49.75,33.65,31.2363,30.2885,30.4425,1.07821
89,3,51,27.87,30.5537,30.0018,31.8937,-1.29107
89,3,52,32.4,27.4136,27.3384,28.9504,1.21935
89,3,54,23.42,20.6655,21.4043,20.6033,1.39882
89,3,55,16.85,17.7605,18.7767,16.739,0.0678535
89,3,56,12.93,15.2338,16.4463,13.4121,-0.367684
89,3,57,10.72,13.0557,14.3961,10.6455,0.0715509
89,3,60,5.72,8.20629,9.64592,5.15528,1.11929
89,3,64,1.74,4.41616,5.6536,1.89796,-0.847715
89,3,68,0.76,2.37645,3.31361,0.690793,1.01168
90,1,1,24.66,21.9714,20.9258,23.0655,0.707356
90,1,1.25,22.45,24.1586,23.043,25.4207,-1.19584
90,1,1.75,30.65,26.445,25.3273,27.9243,0.998855
90,1,2,24.07,26.8612,25.7908,28.3953,-1.55877
90,1,5,22.44,20.3416,20.4758,21.3196,0.537744
90,1,6,19.62,17.5653,18.0272,18.2628,0.760331
90,1,16,3.44,3.75388,4.7332,3.53235,-0.266911
90,1,20,1.93,2.01995,2.76713,1.82456,0.588498
90,1,22,1.24,1.4817,2.11575,1.31116,-0.551568
91,1,1.25,10.07,17.0723,16.2712,10.6618,-0.567721
91,1,1.5,11.13,18.0842,17.2673,11.7525,-0.541791
91,1,4,14.86,16.4611,16.252,14.6727,0.130582
91,1,5,13.72,14.3754,14.4517,14.1074,-0.280937
91,1,6,10.05,12.4133,12.7221,13.2796,-2.4878
91,1,10,10.93,6.71892,7.46834,9.71224,1.28227
91,1,11,8.95,5.75533,6.53022,8.93236,0.0201973
91,1,14,6.75,3.61631,4.36475,6.93181,-0.268127
91,1,18,4.84,1.94597,2.55058,4.93609,-0.198886
91,1,20,4.06,1.42737,1.94974,4.16492,-0.257281
91,2,25.25,18.79,26.7163,25.8416,18.9524,-0.0876872
91,2,25.5,19.3,28.2371,27.3245,20.5616,-0.627787
91,2,28,24.47,25.5608,25.4688,24.515,-0.0187899
91,2,29,24.36,22.316,22.6365,23.4807,0.383167
91,2,30,17.39,19.2681,19.9258,22.0613,-2.16661
91,2,34,18.59,10.4285,11.7064,16.1153,1.57102
91,2,35,15.56,8.93291,10.2386,14.8242,0.507805
91,2,38,11.83,5.61292,6.84874,11.5134,0.281236
91,2,42,7.39,3.02048,4.00633,8.20874,-1.01982
91,2,44,5.82,2.21573,3.06418,6.93063,-1.63818
91,3,49.25,26.25,32.2178,31.2984,24.062,0.930472
91,3,49.5,25.81,34.0303,33.0556,25.9651,-0.0611416
91,3,52,31.84,30.7564,30.713,30.4255,0.475752
91,3,53,31.91,26.8495,27.2961,29.0919,0.991279
91,3,54,29.32,23.1816,24.0301,27.3088,0.753624
91,3,58,21.73,12.5463,14.1308,19.9369,0.920222
91,3,59,19.15,10.747,12.3621,18.3418,0.45084
91,3,62,12.51,6.75276,8.2757,14.2527,-1.2508
91,3,66,10.15,3.63385,4.84613,10.1696,-0.0197209
91,3,68,9.61,2.66569,3.70843,8.58958,1.21475
92,1,0.75,38.38,22.3121,21.1956,34.4865,1.1554
92,1,1,33.13,26.0726,24.7955,39.2057,-1.586
92,1,1.5,47.81,30.3665,28.9727,43.3377,1.05615
92,1,3,39.33,30.7855,29.8837,38.2888,0.278299
92,1,9,10.95,13.1691,14.317,10.5644,0.373327
92,1,10,8.29,11.2822,12.5186,8.44345,-0.185831
92,2,24.75,28.85,20.6996,20.3204,30.3479,-0.505092
92,2,25,30.69,23.9499,23.4137,34.4618,-1.1201
92,2,25.5,38.4,27.6268,26.9523,38.0726,0.088013
92,2,27,36.48,27.781,27.4348,33.6729,0.853124
92,2,33,10.2,11.8583,13.1078,9.33425,0.948492
92,2,34,6.67,10.1591,11.4641,7.46568,-1.08962
92,3,48.75,37.47,21.8388,21.3772,32.4272,1.59147
92,3,49,32,25.3046,24.6716,36.7834,-1.33086
92,3,49.5,38.69,29.2306,28.4414,40.558,-0.471377
92,3,51,33.23,29.4293,28.9771,35.759,-0.723784
92,3,57,10.73,12.5661,13.8623,9.95954,0.791149
92,3,58,7.89,10.7655,12.1272,7.97619,-0.110487
93,1,1,20.25,17.2843,16.4254,20.2956,-0.0229974
93,1,1.5,22.72,20.1312,19.1912,22.9188,-0.0887728
93,1,1.75,23.02,20.804,19.8741,23.3041,-0.124747
93,1,2,25.19,21.1315,20.2358,23.2797,0.839658
93,1,3,18.75,20.4096,19.7908,20.9505,-1.07472
93,1,4,16.17,18.3242,18.0514,17.4343,-0.741957
93,1,5,14.37,16.0025,16.048,14.0613,0.224575
93,1,10,4.87,7.47946,8.28396,4.33044,1.27268
93,1,11,3.42,6.40679,7.24178,3.40887,0.0333264
93,1,22,0.24,1.16578,1.64879,0.245128,-0.206176
94,1,0.25,5.59,7.04173,6.67287,5.28404,0.591661
94,1,0.5,8.87,12.2505,11.613,8.95316,-0.0949768
94,1,0.75,10.93,16.0441,15.2204,11.4666,-0.478642
94,1,2,15.24,22.9131,21.9315,15.4623,-0.14707
94,1,3,14.1,22.1309,21.4465,15.0027,-0.615568
94,1,4,12.49,19.8708,19.5592,13.906,-1.04166
94,1,8,11.37,11.0477,11.7341,9.63034,1.84738
94,1,14,5.34,4.36589,5.23528,5.4914,-0.281737
94,1,16,4.34,3.20271,3.99936,4.55361,-0.479211
95,1,0.25,9.73,10.5627,10.0031,9.12804,0.67437
95,1,0.5,14.46,18.3763,17.4081,15.1224,-0.448143
95,1,1.25,24.46,30.9224,29.3818,22.8224,0.734212
95,1,1.75,23.18,33.8483,32.2833,23.8951,-0.306221
95,1,3,22.28,33.2061,32.1375,22.5316,-0.114245
95,1,5,16.66,26.0363,26.0473,18.5116,-1.02336
95,1,7,13.02,19.3231,20.0857,15.0201,-1.36225
95,1,11,10.49,10.4241,11.7383,9.87387,0.638162
95,1,14,5.21,6.5499,7.83529,7.20831,-2.83412
95,1,20,4.43,2.58559,3.49073,3.84172,1.56366
95,2,24.25,12.63,12.1214,12.2017,11.8122,0.708179
95,2,24.5,16.95,20.0446,19.7031,17.8798,-0.532056
95,2,25.25,21.78,32.7037,31.7266,25.5664,-1.5155
95,2,25.75,29.82,35.6023,34.5582,26.5432,1.2633
95,2,27,26.65,34.7603,34.1295,24.8778,0.728956
95,2,29,22.5,27.2124,27.5892,20.4098,1.04785
95,2,31,17.04,20.1909,21.2732,16.5532,0.300862
95,2,35,10.24,10.8917,12.4436,10.8738,-0.596137
95,2,38,8.78,6.84372,8.31261,7.93398,1.09025
95,2,44,3.81,2.70159,3.70923,4.22388,-1.00081
96,1,1,12.59,18.4909,17.5004,11.7175,0.761607
96,1,1.25,11.88,20.3399,19.2669,13.349,-1.12573
96,1,1.5,14.63,21.5454,20.4428,14.6329,-0.00202553
96,1,1.75,13.14,22.259,21.1682,15.6292,-1.62938
96,1,2,17.41,22.5994,21.5513,16.3887,0.637549
96,1,3,19.91,21.7936,21.0692,17.7922,1.21781
96,1,6,14.74,14.7424,15.0206,16.0026,-0.807181
96,1,7,14.34,12.6401,13.162,14.9483,-0.416323
96,1,9,15.44,9.24411,10.0663,12.9033,2.01097
96,1,10,11.56,7.8948,8.79795,11.9619,-0.3437
96,1,12,9.89,5.71839,6.7187,10.2657,-0.374304
97,1,1.5,13.15,17.0606,16.2114,14.075,-0.672294
97,1,2,16.65,17.9086,17.0893,16.0971,0.351403
97,1,5,19,13.5618,13.5328,17.518,0.865572
97,1,10,12.33,6.33866,6.96994,11.4618,0.774802
97,1,12,8.47,4.65061,5.32152,9.38284,-0.994902
97,1,18,5.89,1.83585,2.36771,5.08053,1.62795
97,2,25.5,20.97,30.9313,29.7208,27.4763,-2.42318
97,2,26,35.33,32.3936,31.2109,30.9462,1.44965
97,2,29,32.84,24.465,24.5898,32.7733,0.0208273
97,2,34,22.54,11.4331,12.6744,21.2666,0.612665
97,2,36,16.44,8.38837,9.68189,17.3822,-0.554595
97,2,42,8.08,3.31145,4.31453,9.37635,-1.41387
98,1,0.5,12.63,18.3763,17.3736,12.8138,-0.146759
98,1,1,17.08,28.1232,26.6282,19.4872,-1.26392
98,1,1.5,26.4,32.7546,31.1009,22.6231,1.70829
98,1,1.75,20.91,33.8486,32.2022,23.3674,-1.0761
98,1,2,24.67,34.3808,32.7827,23.7398,0.400931
98,1,7,13.28,19.3232,19.9976,14.4814,-0.848679
98,1,16,4.43,4.80484,5.94004,4.44289,-0.0296461
99,1,0.5,21.53,16.0982,15.1918,21.036,0.240261
99,1,0.75,26.41,21.1221,19.9073,26.1923,0.0850502
99,1,1,30.1,24.6787,23.2825,29.2797,0.286694
99,1,5,22.55,23.1894,22.6788,22.3196,0.105606
99,1,7,14.83,17.2222,17.4722,17.0093,-1.31081
99,1,11,10.31,9.23813,10.1926,9.86397,0.462435
99,1,14,6.67,5.8047,6.79448,6.55442,0.180255
100,1,0.25,17.36,9.79248,9.24487,15.1863,1.46434
100,1,0.75,30.43,22.3121,21.0775,33.1883,-0.85054
100,1,2,37.96,31.8739,30.3393,42.8631,-1.17071
100,1,3,42.08,30.7851,29.6454,38.3188,1.00453
100,1,4,28.91,27.6399,27.0169,31.9098,-0.962041
100,1,6,22.23,20.8436,21.1049,20.7707,0.718865
100,1,12,4.91,8.27754,9.41484,5.33987,-0.822604
100,1,18,1.31,3.26769,4.18048,1.36502,-0.409744
100,1,20,0.92,2.39709,3.1893,0.865407,0.638766
100,2,24.25,10.74,8.50291,8.66376,11.5385,-0.707831
100,2,24.75,23.58,17.6916,17.3244,24.8067,-0.506
100,2,26,36.56,24.5741,23.9047,31.9301,1.4839
100,2,27,30.99,23.6318,23.1962,28.5579,0.87149
100,2,28,23.05,21.1846,21.0868,23.8016,-0.323102
100,2,30,16.2,15.962,16.4539,15.5229,0.446263
100,2,36,3.88,6.33783,7.34886,4.01443,-0.341975
100,2,42,1.14,2.50197,3.2683,1.0329,1.05177
100,2,44,0.61,1.83537,2.4947,0.656961,-0.721332