id,time,y1,popPred_medianCOV,popPred,indivPred_SAEM,indWRes_SAEM
1,0.25,19.11,11.3955,10.5753,18.1322,0.549599
1,1,47.47,29.4022,27.5982,45.8767,0.354034
1,1.25,42.02,32.0136,30.1564,49.4596,-1.53339
1,1.5,56.79,33.594,31.7543,51.3083,1.08913
1,1.75,53.45,34.4042,32.6288,51.866,0.311333
1,2,49.1,34.6429,32.9618,51.4752,-0.470381
1,3,43.02,32.4103,31.2126,44.8644,-0.419084
1,6,21.7,20.2553,20.1294,20.9356,0.37215
1,7,17.18,16.9873,17.0479,15.722,0.94514
1,10,6.52,9.95523,10.2839,6.54038,-0.0317376
1,16,1.15,3.40734,3.7282,1.11622,0.306873
1,20,0.27,1.66707,1.89532,0.343193,-2.13713
1,22,0.19,1.16606,1.35138,0.190296,-0.0153638
1,24.25,13.54,10.9689,10.3792,16.3104,-1.73109
1,25,40.04,26.9712,25.4897,41.0978,-0.26237
1,25.25,51.97,29.2762,27.7433,44.2957,1.76614
1,25.5,45.52,30.6608,29.1397,45.9435,-0.0939602
1,25.75,51.81,31.358,29.8907,46.4373,1.17944
1,26,49.79,31.5453,30.1587,46.0834,0.819947
1,27,38.78,29.4558,28.4878,40.1576,-0.349705
1,30,17.09,18.3897,18.3473,18.7369,-0.89584
1,31,15.17,15.4221,15.5377,14.0707,0.796202
1,34,5.91,9.03771,9.37255,5.8534,0.098488
1,40,0.85,3.09329,3.3978,0.998977,-1.51139
1,44,0.35,1.51342,1.72736,0.307145,1.39535
1,46,0.19,1.05859,1.23162,0.170308,1.13887
2,0.25,25.97,11.9318,10.7199,25.8836,0.0340054
2,0.5,37,20.5343,18.5517,40.4984,-0.880578
2,0.75,48.77,26.6138,24.174,47.6811,0.232799
2,1.25,50.12,33.5201,30.7609,49.4398,0.140244
2,1.5,49.89,35.1748,32.4373,47.0195,0.622333
2,2,41.62,36.2732,33.7626,39.744,0.481178
2,3,25.36,33.9355,32.1302,24.8024,0.229142
2,5,7.9,25.1866,24.5753,8.0342,-0.170172
2,9,0.76,12.4611,12.8423,0.736223,0.32662
2,10,0.36,10.4237,10.8877,0.40344,-1.08174
2,11,0.22,8.71847,9.22946,0.22103,-0.0462538
2,14,0.04,5.10053,5.62082,0.0363317,0.883838
2,24.25,21.39,8.99466,8.37974,17.7406,2.09661
2,24.5,27.63,14.8551,13.7058,27.7574,-0.0467718
2,24.75,31.95,18.9878,17.5192,32.6804,-0.227818
2,25.25,31.07,23.6575,21.9584,33.8858,-0.847051
2,25.5,31.12,24.7618,23.0719,32.2269,-0.350122
2,26,25.39,25.4587,23.9137,27.2403,-0.692368
2,27,18.12,23.7588,22.677,16.9994,0.671824
2,29,6.14,17.6122,17.3145,5.50659,1.17148
2,33,0.54,8.71171,9.04499,0.504602,0.70682
2,34,0.26,7.28733,7.66833,0.276515,-0.596044
2,35,0.17,6.09517,6.50039,0.151493,1.19822
2,38,0.02,3.56583,3.95879,0.0249015,-1.61799
3,0.25,6.7,13.2724,11.6988,7.89049,-1.53709
3,0.5,15.17,22.8415,20.265,13.5747,1.19767
3,0.75,16.62,29.6041,26.4309,17.6027,-0.569
3,1.5,22.89,39.1271,35.5564,23.4153,-0.228677
3,3,24.36,37.7485,35.3735,23.3015,0.463014
3,7,13.6,19.7852,19.8241,14.0066,-0.295807
3,8,12.01,16.5659,16.8601,12.1798,-0.142029
3,11,8.04,9.69807,10.3403,7.99625,0.0557402
3,24.25,6.48,8.68423,8.04264,5.86737,1.06346
3,24.5,8.6,14.2507,13.0137,9.15456,-0.617211
3,24.75,12.81,18.1746,16.5804,11.473,1.18751
3,25.5,12.98,23.6495,21.8004,14.7624,-1.23049
3,27,15.09,22.671,21.4827,14.4974,0.416567
3,31,8.62,11.8632,12.009,8.68837,-0.0801721
3,32,7.52,9.93269,10.2131,7.55492,-0.0470928
3,35,4.76,5.81473,6.26353,4.95986,-0.41033
4,1,24.1,33.5531,29.7887,26.4484,-0.905082
4,1.25,30.68,36.5331,32.6455,29.8596,0.280053
4,1.5,34.97,38.3366,34.4726,32.4413,0.794545
4,5,30.5,27.4505,26.5235,33.711,-0.970949
4,10,21.63,11.3607,11.9601,20.6708,0.472984
4,12,19.39,7.94731,8.65332,16.8057,1.56726
4,14,13.26,5.55901,6.2601,13.656,-0.295555
4,16,10.86,3.88837,4.52868,11.0952,-0.216048
4,18,8.66,2.7198,3.27612,9.01435,-0.400512
5,0.25,5.42,7.23951,6.22779,5.69023,-0.483677
5,0.5,8.59,12.459,10.8009,9.87223,-1.3234
5,1,16.16,18.679,16.4319,15.0798,0.730019
5,1.25,15.14,20.338,18.0161,16.5931,-0.892498
5,1.5,17.58,21.342,19.0327,17.6099,-0.0173046
5,2,18.9,22.0084,19.8788,18.6132,0.157058
5,9,10.31,7.56066,7.83056,10.2038,0.106026
5,16,4.06,2.16466,2.54012,4.8116,-1.5906
5,22,2,0.740794,0.967411,2.52581,-2.11742
5,24.25,7.72,7.60097,6.78605,7.56841,0.204052
5,24.5,11.54,12.7022,11.2479,11.6204,-0.0705049
5,25,15.01,18.7665,16.7247,16.6306,-0.993147
5,25.25,22.63,20.3758,18.2559,18.0673,2.57388
5,25.5,21.08,21.3431,19.2311,19.0181,1.105
5,26,20.04,21.9633,20.019,19.9121,0.06545
5,33,10.61,7.52438,7.85037,10.7898,-0.169812
5,40,4.2,2.15426,2.54653,5.08786,-1.77708
5,46,3.35,0.737237,0.96985,2.67084,2.58679
6,1.25,36.53,34.65,30.4739,37.9297,-0.376172
6,3,39.38,35.0794,32.2672,39.614,-0.0602175
6,4,39.16,30.6103,28.7826,36.7943,0.655412
6,5,37.79,26.0356,24.9872,33.8054,1.20149
6,6,28.51,21.9233,21.4565,30.9685,-0.809243
6,9,24.24,12.8811,13.3412,23.7396,0.214851
6,10,20.93,10.7751,11.3699,21.7238,-0.37244
6,18,10.24,2.57961,3.15845,10.681,-0.42074
6,20,9.11,1.80436,2.2929,8.94401,0.189093
6,25.25,44.49,35.356,31.4631,43.5427,0.221784
6,27,42.16,35.5958,33.0147,44.4196,-0.518571
6,28,44.69,31.0422,29.4194,41.1918,0.865711
6,29,37.98,26.3968,25.5298,37.8295,0.0405443
6,30,35.15,22.2254,21.9188,34.6509,0.146821
6,33,22.44,13.0579,13.6271,26.5613,-1.58158
6,34,27.45,10.9229,11.6135,24.3058,1.31853
6,42,13.98,2.61499,3.22612,11.9506,1.73052
6,44,10.06,1.82911,2.34202,10.0071,0.0538897
6,49.25,49.08,36.119,32.1468,45.0344,0.915774
6,51,43.11,36.3655,33.7321,45.852,-0.609615
6,52,46.41,31.7136,30.0587,42.5144,0.934082
6,53,35.68,26.9677,26.0846,39.0427,-0.877994
6,54,36.04,22.7062,22.3952,35.7618,0.0792916
6,57,25.76,13.3403,13.9233,27.4127,-0.614554
6,58,25.69,11.1591,11.8659,25.085,0.245834
6,66,11.1,2.67155,3.29623,12.3336,-1.01928
6,68,10.55,1.86867,2.39292,10.3279,0.219161
7,0.75,13.12,21.2312,18.2721,13.2459,-0.0968439
7,1,16.43,24.5595,21.3042,15.6912,0.479886
7,1.25,15.91,26.7407,23.3738,17.4699,-0.910053
7,1.5,18.74,28.0608,24.7088,18.7186,0.0116481
7,3,18.36,27.0721,24.7937,19.9318,-0.803746
7,5,17.35,20.0927,19.229,16.0657,0.814726
7,8,10.3,11.8806,12.0657,10.2887,0.0112261
7,9,9.03,9.94086,10.2925,8.80624,0.258885
7,18,2.29,1.99078,2.44981,2.13945,0.715425
7,20,1.42,1.39249,1.78057,1.56163,-0.921136
8,0.75,9.29,16.1477,13.815,9.01351,0.312542
8,1.5,11.97,21.342,18.6965,12.7886,-0.652299
8,5,13.57,15.2817,14.5869,12.8369,0.582011
8,6,10.88,12.868,12.5407,11.9165,-0.886336
8,16,5.36,2.16466,2.57065,5.32852,0.0601715
9,0.5,9.55,16.3813,13.8199,8.90681,0.735756
9,1.25,13.48,26.7407,23.1375,16.146,-1.68281
9,2,19.09,28.937,25.6114,19.089,0.000539371
9,4,19.92,23.6232,21.9993,18.5408,0.758161
9,7,11.71,14.1894,14.0888,13.1904,-1.14377
9,8,11.9,11.8806,12.0388,11.5729,0.288007
9,9,11.28,9.94086,10.2786,10.1284,1.15854
9,14,4.64,4.06896,4.65129,5.14458,-0.998804
9,20,2.36,1.39249,1.79521,2.2744,0.382704
10,0.5,14.28,13.1512,11.0398,14.6381,-0.249291
10,0.75,20.26,17.0448,14.4373,19.1265,0.604039
10,1,18.6,19.7168,16.8456,22.2746,-1.68146
10,1.75,26.52,23.071,20.1916,26.391,0.0498125
10,5,16.88,16.1307,15.325,17.6813,-0.46187
10,6,13.95,13.5829,13.186,14.4423,-0.347377
10,10,5.74,6.67586,7.03873,6.15455,-0.686067
10,11,5.32,5.58374,6.00856,4.9593,0.740631
10,18,1.19,1.59823,1.98336,1.09153,0.914733
10,20,0.68,1.11792,1.44496,0.708224,-0.402905
10,24.5,19.55,16.8815,14.4599,18.501,0.577907
10,24.75,23.33,21.7096,18.6644,24.0777,-0.316533
10,25,32.13,25.0169,21.6377,27.9857,1.50949
10,25.75,31.67,29.1377,25.7323,33.0772,-0.433676
10,29,25.01,20.3165,19.4365,22.1251,1.32901
10,30,18.61,17.1063,16.7212,18.0709,0.304028
10,34,6.98,8.40712,8.92496,7.70048,-0.953177
10,35,7.32,7.03178,7.6187,6.205,1.8303
10,42,1.24,2.0127,2.51485,1.3657,-0.934319
10,44,0.88,1.40783,1.83218,0.886117,-0.0699036
11,0.5,7.54,12.9205,10.7971,8.06417,-0.662206
11,1.25,14.89,21.0913,18.099,15.0437,-0.104112
11,1.5,16.65,22.1325,19.1487,16.4569,0.119609
11,3,22.32,21.3527,19.2944,19.8563,1.26461
11,6,18.82,13.3446,12.9307,17.8604,0.547622
11,7,14.69,11.1916,11.0775,16.7246,-1.23984
11,8,14.76,9.37063,9.47138,15.6023,-0.550188
11,10,13.88,6.55874,6.90997,13.5166,0.273992
11,12,11.27,4.58814,5.03765,11.6862,-0.362922
11,18,8.15,1.57019,1.95115,7.53946,0.824958
11,24.5,13.98,18.0263,15.3514,15.6329,-1.07758
11,25.25,20.7,29.0537,25.1832,24.8551,-1.70397
11,25.5,31.55,30.4479,26.5837,26.6926,1.85491
11,27,35.02,29.293,26.6556,30.8537,1.37647
11,30,24.45,18.2945,17.8414,27.3759,-1.08945
11,31,26.96,15.3425,15.2837,25.6135,0.535868
11,32,25.08,12.8459,13.0674,23.8849,0.510017
11,34,21.26,8.99112,9.53333,20.6858,0.282947
11,36,15.45,6.28969,6.95016,17.8832,-1.38674
11,42,12.25,2.15252,2.69189,11.5373,0.629514
12,0.25,10.87,9.51862,7.84445,11.3306,-0.414252
12,0.75,23.4,21.2312,17.8346,23.5858,-0.08029
12,1,29.46,24.5595,20.8173,26.5666,1.11017
12,2,27.29,28.937,25.3457,29.4552,-0.749297
12,3,26.83,27.0721,24.3959,27.3849,-0.206558
12,4,22.43,23.6232,21.8335,24.5162,-0.867372
12,5,20.17,20.0927,19.0085,21.7465,-0.738903
12,7,13.89,14.1894,14.0228,17.0212,-1.8749
12,9,14.48,9.94086,10.2472,13.3104,0.895444
12,11,10.66,6.95518,7.47546,10.408,0.246692
12,18,4.4,1.99078,2.4758,4.40024,-0.00055201
12,22,2.55,0.974007,1.3166,2.69044,-0.531024
12,24.25,14.61,10.7064,9.20935,14.009,0.437185
12,24.75,28.05,23.0232,19.6923,26.833,0.462323
12,25,31.97,26.5129,22.81,29.9236,0.697112
12,26,28.74,31.0438,27.4738,32.7597,-1.25077
12,27,33.89,28.9959,26.3682,30.3824,1.17681
12,28,20.77,25.2874,23.5741,27.1837,-2.40498
12,29,28.98,21.5034,20.5154,24.1091,2.05933
12,31,20.43,15.1838,15.1307,18.8696,0.84283
12,33,16.71,10.6373,11.0564,14.7558,1.34969
12,35,11.33,7.44243,8.06569,11.5382,-0.183878
12,42,5.4,2.13024,2.67127,4.87805,1.08957
12,46,2.74,1.04224,1.42055,2.98259,-0.827593
13,1.75,31.78,35.6184,30.8616,31.6589,0.0389762
13,4,26.14,29.2794,27.0006,26.826,-0.260659
13,6,20,20.9701,20.2472,19.9116,0.045271
13,10,10.05,10.3066,10.8377,10.5692,-0.50057
13,11,7.59,8.62051,9.25755,9.01385,-1.60943
13,12,9.39,7.20993,7.90729,7.68713,2.25675
13,20,2.03,1.72591,2.23938,2.15044,-0.569449
14,0.5,13.31,15.4584,12.7685,14.7712,-1.00814
14,0.75,18.12,20.0351,16.7103,19.378,-0.661679
14,1.75,27.78,27.1186,23.4288,27.3112,0.174964
14,2,26.83,27.3068,23.7803,27.7286,-0.330335
14,4,23.15,22.2923,20.5135,23.7055,-0.238838
14,8,11.68,11.2113,11.2851,12.4536,-0.633023
14,18,2.03,1.87863,2.33726,2.25428,-1.01165
14,20,1.52,1.31404,1.7055,1.60103,-0.514095
14,24.5,23.13,21.8144,18.3722,21.0242,1.0209
14,24.75,28.37,28.0732,23.7524,27.3189,0.392169
14,25.75,39.26,37.7077,32.8602,38.1006,0.310203
14,26,42.85,37.9455,33.3162,38.6487,1.10813
14,28,33.59,30.9248,28.6513,32.9581,0.195427
14,32,18.93,15.5485,15.7535,17.3059,0.956447
14,42,3.41,2.60537,3.26264,3.13255,0.901273
14,44,2.31,1.82238,2.38075,2.2248,0.389379
15,0.25,5.63,6.97138,5.68039,5.34448,0.544056
15,0.5,10.47,11.9976,9.87652,9.04962,1.59916
15,1,12.88,17.9872,15.0962,13.1732,-0.226845
15,1.25,13.81,19.5848,16.5872,14.1534,-0.247244
15,1.5,13.12,20.5516,17.5588,14.6686,-1.07589
15,2,13.29,21.1933,18.4079,14.7914,-1.03447
15,3,13.34,19.8275,17.7381,13.3405,-0.000384411
15,8,6.57,8.7013,8.74603,5.22048,2.63254
15,11,2.87,5.09394,5.4591,2.88462,-0.0515564
15,16,1.12,2.08449,2.48465,1.07273,0.446755
15,18,0.65,1.45804,1.81347,0.722186,-1.01071
15,24.25,6.35,9.72766,8.21531,7.30144,-1.32746
15,24.5,11.68,16.3762,13.7571,12.2077,-0.44054
15,25,19.07,24.285,20.6339,17.6607,0.813325
15,25.25,19.26,26.3866,22.589,18.9525,0.165359
15,25.5,19.8,27.652,23.856,19.6278,0.0894141
15,26,17.7,28.4709,24.9405,19.7754,-1.06968
15,27,17.24,26.6014,23.9768,17.8235,-0.333685
15,32,6.64,11.6654,11.8054,6.97244,-0.485696
15,35,3.38,6.82914,7.36857,3.85267,-1.2489
15,40,1.57,2.79455,3.35372,1.43273,0.972759
15,42,0.99,1.9547,2.44777,0.964545,0.2674
15,48.25,8.67,10.5605,8.99861,7.88571,1.01323
15,48.5,12.51,17.6852,14.9347,13.1449,-0.492208
15,49,21.03,26.1567,22.2961,18.988,1.09609
15,49.25,19.25,28.4056,24.3865,20.3712,-0.560958
15,49.5,18.52,29.7581,25.7391,21.0932,-1.24341
15,50,21.41,30.6276,26.8905,21.2474,0.077978
15,51,19.22,28.6074,25.8361,19.1471,0.0387895
15,56,7.6,12.5427,12.7163,7.4896,0.150162
15,59,4.31,7.34274,7.93712,4.13843,0.422079
15,64,1.57,3.00472,3.61249,1.539,0.204585
15,66,0.96,2.10171,2.63664,1.03609,-0.744422
16,0.5,8.11,14.5355,11.9278,7.68959,0.556978
16,1.5,14.56,24.899,21.2162,14.837,-0.190244
16,1.75,13.18,25.4996,21.9134,15.6095,-1.58621
16,5,14.48,17.8287,16.74,14.4273,0.037233
16,12,6.17,5.16166,5.6445,6.65841,-0.747193
16,14,5.43,3.61049,4.12059,5.30252,0.244843
16,20,2.52,1.23559,1.60296,2.67731,-0.597708
16,24.5,8.83,15.0884,12.7174,9.29321,-0.507852
16,25.5,17.02,25.3614,21.8908,16.268,0.471149
16,25.75,17.3,25.9417,22.562,17.0003,0.179689
16,29,15.99,18.0761,17.1289,15.3878,0.398837
16,36,7.88,5.23246,5.77377,7.09117,1.13319
16,38,5.59,3.66001,4.21495,5.64711,-0.103003
16,44,2.89,1.25254,1.63967,2.85129,0.13811
17,0.75,10.67,14.9516,12.3568,10.8275,-0.148182
17,1,13.99,17.2954,14.4335,12.7933,0.953269
17,1.25,13.06,18.8315,15.8627,14.1978,-0.81672
17,3,15.66,19.0649,16.9833,15.5823,0.0508068
17,6,11.24,11.9149,11.4269,9.72597,1.58614
17,7,7.93,9.99254,9.79838,8.00209,-0.0917811
17,8,6.55,8.36663,8.38495,6.54675,0.00505094
17,11,3.13,4.89802,5.23626,3.53775,-1.17311
17,14,2.01,2.86547,3.26681,1.90113,0.582022
17,24.75,17.47,22.847,19.1375,16.4458,0.634711
17,25,19.88,26.3444,22.2293,19.3842,0.260698
17,25.25,20.19,28.631,24.3508,21.4812,-0.612656
17,27,23.79,28.878,25.8977,23.5018,0.124992
17,30,14.98,18.0365,17.404,14.6578,0.223995
17,31,10.5,15.1261,14.9229,12.0591,-1.31751
17,32,8.99,12.6648,12.77,9.86563,-0.904353
17,35,4.63,7.41421,7.97451,5.33105,-1.33922
17,38,2.85,4.33751,4.97515,2.86481,-0.0525795
17,48.75,19.21,28.4451,23.9009,20.4474,-0.616812
17,49,25.38,32.7769,27.7282,24.0883,0.546601
17,49.25,25.87,35.6075,30.3525,26.6859,-0.311651
17,51,29.99,35.8856,32.2328,29.1765,0.284216
17,54,20.68,22.4102,21.6556,18.1941,1.39257
17,55,15.91,18.794,18.5682,14.9683,0.641204
17,56,11.93,15.7358,15.8892,12.2455,-0.262572
17,59,7.1,9.21201,9.92237,6.61702,0.743501
17,62,3.83,5.38926,6.19039,3.55586,0.784706
18,0.5,4.67,15.9199,12.9874,4.73284,-0.135195
18,1,7.34,23.8677,19.8661,8.25242,-1.12643
18,1.75,10.06,27.9281,23.8859,11.842,-1.53343
18,2,12.27,28.1219,24.2531,12.6916,-0.338541
18,4,16.61,22.9577,20.9634,15.695,0.594185
18,7,15.45,13.7897,13.5008,14.7461,0.486511
18,9,13.09,9.66084,9.87922,13.2199,-0.100173
18,10,12.73,8.0813,8.44411,12.4276,0.248006
18,12,10.1,5.65324,6.16663,10.9083,-0.755099
18,16,8.73,2.76596,3.28779,8.31465,0.508935
18,24.5,8.25,17.679,14.7924,9.70511,-1.52768
18,25,14,26.1509,22.1042,13.3228,0.518041
18,25.75,20.19,30.4362,26.3265,16.9469,1.95041
18,26,19.54,30.6228,26.6929,17.7855,1.00544
18,28,18.39,24.9453,22.9807,20.4684,-1.03494
18,31,19.23,14.9785,14.7899,18.7708,0.249349
18,33,16.54,10.4935,10.8221,16.753,-0.129581
18,34,14.57,8.77776,9.24995,15.7315,-0.75246
18,36,12.61,6.14044,6.7551,13.7924,-0.873633
18,40,12.23,3.00432,3.60153,10.5057,1.67237
18,48.5,10.89,19.3462,16.1924,11.4044,-0.459587
18,49,15.96,28.62,24.1959,15.3377,0.413495
18,49.75,19.5,33.3112,28.8174,19.2666,0.123477
18,50,21.66,33.5157,29.2185,20.1722,0.751716
18,52,23.9,27.3022,25.155,23.0181,0.390509
18,55,22.68,16.3937,16.1892,21.0452,0.791746
18,57,17.29,11.485,11.846,18.7723,-0.804784
18,58,18.01,9.60716,10.1251,17.6252,0.222542
18,60,16.41,6.72064,7.39421,15.4503,0.633031
18,64,9.37,3.2882,3.94228,11.7676,-2.07622
19,1.5,43.46,37.5462,31.7608,40.9666,0.620433
19,4,25.17,31.6084,28.8116,29.392,-1.46422
19,5,25.21,26.8845,25.1136,22.3894,1.28407
19,6,16.97,22.6382,21.6411,16.6202,0.214501
19,12,2.66,7.78345,8.47856,2.35513,1.31644
19,16,0.6,3.8082,4.52096,0.619564,-0.318861
19,20,0.18,1.86319,2.41059,0.162637,1.04982
19,25.5,28.11,28.7581,24.7523,30.643,-0.842613
19,28,22.85,24.0692,22.2182,21.9779,0.404476
19,29,17.77,20.4657,19.3548,16.7411,0.626358
19,30,11.98,17.2311,16.6743,12.4272,-0.366673
19,36,1.69,5.92387,6.53146,1.76092,-0.409231
19,40,0.46,2.89836,3.48272,0.463245,-0.0705057
19,44,0.11,1.41805,1.857,0.121603,-0.927188
20,0.25,9.07,11.7977,9.46972,9.33122,-0.285233
20,0.75,18.55,26.3148,21.5786,19.5892,-0.540719
20,1,24.14,30.4399,25.2131,22.1565,0.912481
20,1.25,27.17,33.1435,27.7178,23.7032,1.49079
20,1.75,19.91,35.6184,30.3305,24.9188,-2.04883
20,4,21.68,29.2794,26.6428,21.4229,0.122324
20,5,21.64,24.9036,23.2251,19.291,1.24105
20,6,16.06,20.9701,20.0147,17.3304,-0.747131
20,12,9.98,7.20993,7.84239,9.06883,1.02369
20,16,5.48,3.5276,4.18199,5.88797,-0.705716
20,18,5.01,2.46745,3.05382,4.74431,0.57024
20,20,4.25,1.72591,2.22999,3.82279,1.13759
20,24.25,7.52,7.7789,6.73903,7.92976,-0.52644
20,24.75,14.69,16.2881,13.8078,13.8643,0.606903
20,25,15.17,18.6934,15.9148,15.3204,-0.100037
20,25.25,17.98,20.2601,17.3557,16.175,1.13729
20,25.75,14.04,21.6649,18.8257,16.7793,-1.66387
20,28,14.21,17.7146,16.3775,14.2704,-0.0431416
20,29,11.75,15.0613,14.2657,12.8457,-0.869264
20,30,10.65,12.6804,12.2899,11.5391,-0.78519
20,36,6.77,4.35931,4.81443,6.03812,1.23457
20,40,3.63,2.13287,2.56732,3.92027,-0.75376
20,42,2.74,1.49188,1.87473,3.15881,-1.3492
20,44,2.62,1.04353,1.36898,2.54525,0.298708
21,0.75,14.14,15.2506,12.476,12.3663,1.46162
21,1.5,13.56,20.1564,16.9768,14.7814,-0.842138
21,2,15.3,20.7857,17.8152,14.4223,0.620242
21,10,2.53,5.97314,6.21351,2.58934,-0.233114
21,12,1.89,4.17848,4.53809,1.64285,1.52824
21,14,0.96,2.92278,3.31397,1.04232,-0.800655
21,22,0.16,0.699639,0.942306,0.168897,-0.518709
21,24.75,12.32,16.5757,13.8215,13.1841,-0.667903
21,25.5,14.46,21.7163,18.519,15.7271,-0.821118
21,26,14.06,22.3507,19.3657,15.3386,-0.849548
21,34,2.43,6.40644,6.72188,2.75267,-1.19253
21,36,1.7,4.48159,4.90937,1.74648,-0.270392
21,38,1.27,3.13479,3.58509,1.10807,1.4819
21,46,0.18,0.75039,1.0194,0.179551,0.0246671
22,0.25,4.06,10.5911,8.45806,4.0668,-0.0170135
22,0.75,9.96,23.6235,19.2814,10.1299,-0.170899
22,1.25,12.85,29.7538,24.7758,14.0893,-0.896425
22,1.5,18.06,31.2226,26.2437,15.4742,1.70304
22,2,16.7,32.1975,27.5433,17.3475,-0.380394
22,3,17.87,30.1225,26.5851,18.6636,-0.433377
22,4,17.32,26.2849,23.839,18.1792,-0.481682
22,5,14.96,22.3566,20.7835,16.8848,-1.16182
22,7,12.93,15.7882,15.3618,13.6476,-0.535836
22,12,8.31,6.47255,7.01845,7.17343,1.61403
22,16,5.23,3.16682,3.74247,4.19906,2.49957
22,18,2.89,2.2151,2.73281,3.20976,-1.0138
22,24.25,3.73,7.69631,6.59037,4.06235,-0.832878
22,24.75,9.06,16.2126,13.6373,7.96318,1.40323
22,25.25,10.58,20.1911,17.1823,10.4852,0.0921646
22,25.5,11.8,21.1314,18.1149,11.3567,0.397765
22,26,13.5,21.7235,18.9068,12.5136,0.803291
22,27,12.34,20.2709,18.163,13.2422,-0.694272
22,28,13.43,17.6723,16.2588,12.8029,0.499182
22,29,12.42,15.0259,14.1651,11.8456,0.494134
22,31,8.77,10.6092,10.4656,9.5423,-0.824641
22,36,4.99,4.34919,4.78105,5.0072,-0.0349841
22,40,2.69,2.12792,2.54941,2.93065,-0.835506
22,42,2.15,1.48842,1.86162,2.24016,-0.409253
22,48.25,5.03,11.8826,9.79735,5.34261,-0.59589
22,48.75,9.9,25.8632,21.39,11.8033,-1.64322
22,49.25,16.41,32.421,27.253,16.0047,0.258093
22,49.5,19.49,33.9835,28.8095,17.4668,1.18053
22,50,20.32,34.9992,30.1645,19.4292,0.467293
22,51,20.53,32.7083,29.0565,20.7492,-0.107657
22,52,18.01,28.5305,26.036,20.1439,-1.07971
22,53,18.11,24.263,22.6922,18.6777,-0.30981
22,55,16.92,17.1331,16.7697,15.0743,1.24784
22,60,7,7.02379,7.66139,7.91747,-1.18055
22,64,4.79,3.43652,4.08531,4.63433,0.342023
22,66,3.3,2.40375,2.98315,3.54246,-0.696643
23,0.25,12.03,8.17797,6.51528,12.5371,-0.412183
23,0.5,20.58,14.0741,11.3392,19.7893,0.407256
23,2,20.4,24.8614,21.2283,22.1454,-0.803336
23,10,1.09,7.14434,7.40836,1.04913,0.394912
23,14,0.22,3.49587,3.95071,0.217669,0.106253
23,16,0.09,2.44526,2.88475,0.0991469,-0.887051
23,22,0.01,0.836823,1.12305,0.0093697,0.418535
23,24.25,13.89,10.0784,8.37178,14.5962,-0.493094
23,24.5,24.74,16.9166,13.9562,23.0369,0.753531
23,26,28.28,29.3464,25.3071,25.7777,0.989452
23,34,1.09,8.41355,8.79306,1.2212,-1.09003
23,38,0.31,4.11691,4.68912,0.25337,2.22617
23,40,0.11,2.87967,3.42393,0.115408,-0.454237
23,46,0.01,0.985485,1.33296,0.0109065,-0.547157
23,48.25,16.25,10.7141,8.94637,15.419,0.54929
23,48.5,25.71,17.9346,14.8414,24.3352,0.575859
23,50,23.68,31.0494,26.8111,27.2302,-1.32896
23,58,1.2,8.89944,9.31067,1.29001,-0.708116
23,62,0.27,4.35467,4.96514,0.267646,0.0877009
23,64,0.14,3.04597,3.62547,0.121911,1.44199
23,70,0.01,1.0424,1.41142,0.011521,-0.885865
24,0.75,14.93,27.5109,22.3574,17.6742,-1.58245
24,1.25,24.86,34.65,28.7374,24.9122,-0.021346
24,5,35.1,26.0356,24.129,32.6236,0.773782
24,7,27.96,18.3863,17.8345,27.4806,0.177819
24,8,24.33,15.3946,15.2633,24.8097,-0.197069
24,9,20.28,12.8811,13.051,22.278,-0.914116
24,11,19.85,9.01235,9.53298,17.8094,1.16779
24,18,7.19,2.57961,3.17084,7.93507,-0.956582
24,22,4.94,1.26209,1.69035,4.98548,-0.0929052
24,24.75,15.61,16.3217,13.7337,13.6114,1.49641
24,25.25,16.04,20.2908,17.2568,17.4979,-0.849191
24,29,24.06,15.077,14.2003,20.6493,1.68352
24,31,17.38,10.6449,10.4908,17.284,0.0565932
24,32,15.05,8.91262,8.97782,15.5822,-0.348066
24,33,12.37,7.45737,7.67637,13.9801,-1.17372
24,35,11.46,5.21756,5.60702,11.1665,0.267868
24,42,5.4,1.49342,1.86499,4.97273,0.874959
24,46,3,0.730668,0.994214,3.12424,-0.404674
25,0.25,7.94,7.23951,5.74151,8.52752,-0.701942
25,0.5,12.25,12.459,9.99447,14.1235,-1.35188
25,1,20.58,18.679,15.3083,19.8234,0.389026
25,3,19.81,20.5901,18.0828,18.828,0.53161
25,6,9.26,12.868,12.1874,11.056,-1.65531
25,10,5.57,6.3245,6.53671,5.26496,0.590027
25,11,3.98,5.28986,5.58594,4.373,-0.915006
25,12,3.8,4.42428,4.77312,3.63214,0.470405
25,16,1.74,2.16466,2.54418,1.7286,0.0670094
25,18,1.2,1.51412,1.85743,1.1925,0.0637612
25,24.25,13.63,12.1592,9.94511,14.1126,-0.348466
25,24.5,26.84,20.5467,16.7703,23.1114,1.64442
25,25,35.37,30.5274,25.2809,32.2628,0.981713
25,27,31.58,33.476,29.5843,30.5583,0.34082
25,30,16.11,20.9092,19.9165,17.941,-1.04016
25,34,8.8,10.2762,10.6813,8.54361,0.30574
25,35,6.64,8.59511,9.12767,7.0962,-0.654891
25,36,7.14,7.18869,7.79947,5.89399,2.15317
25,40,2.66,3.5172,4.15729,2.80505,-0.526091
25,42,1.87,2.46018,3.03511,1.93511,-0.342005
26,0.5,11.12,11.5361,9.23505,12.8753,-1.38934
26,0.75,15.28,14.9516,12.1019,16.0403,-0.483089
26,1,19.8,17.2954,14.1473,17.9322,1.06158
26,1.5,21.62,19.7611,16.4859,19.4253,1.15153
26,3,18.28,19.0649,16.7173,17.4943,0.45773
26,5,11.71,14.1498,13.0743,13.1976,-1.14865
26,7,8.82,9.99254,9.6628,9.81918,-1.03684
26,10,5.84,5.85602,6.04234,6.2933,-0.733664
26,24.5,18.31,15.205,12.438,17.2132,0.649404
26,24.75,24.32,19.5576,16.0837,21.2377,1.47928
26,25,23.65,22.5394,18.6789,23.6336,0.0070558
26,25.5,23.89,25.6612,21.6293,25.4962,-0.642131
26,27,22.17,24.6837,21.8146,22.8985,-0.324269
26,29,15.94,18.308,17.0391,17.2688,-0.784256
26,31,14.39,12.9278,12.5903,12.848,1.22306
26,34,8.55,7.57603,7.87259,8.23452,0.390323
26,48.5,27.85,22.4863,18.3506,25.422,0.973533
26,48.75,28.94,28.9508,23.7665,31.4005,-0.79875
26,49,33.58,33.3804,27.623,34.9615,-0.4028
26,49.5,37.3,38.0209,32.0103,37.7348,-0.117447
26,51,29.79,36.5864,32.3054,33.901,-1.23612
26,53,29.99,27.1385,25.2372,25.5673,1.76324
26,55,18.26,19.1635,18.6484,19.0221,-0.408345
26,58,12.44,11.2304,11.6608,12.1916,0.20762
27,1,23.26,32.5154,26.5477,22.5387,0.326208
27,7,21.34,18.786,18.1381,20.2543,0.546346
27,8,18.6,15.7293,15.5211,17.6719,0.535253
27,9,16.29,13.1611,13.2696,15.3779,0.604494
27,18,3.93,2.63568,3.21949,4.29749,-0.870623
27,25,14.29,20.817,17.4501,15.497,-0.793785
27,31,12.61,11.8495,11.6075,13.1755,-0.437416
27,32,11.24,9.92121,9.93221,11.4923,-0.223755
27,33,9.38,8.30128,8.49122,9.99897,-0.630755
27,42,2.99,1.66242,2.06011,2.79383,0.714363
28,0.25,22.42,11.2615,8.87548,22.1273,0.134831
28,0.5,35.13,19.3807,15.4539,33.6705,0.441845
28,1.5,46.17,33.1987,27.602,41.1404,1.24625
28,6,15.66,20.017,18.8731,17.9327,-1.29167
28,12,5.29,6.88221,7.38434,5.56941,-0.510942
28,18,1.58,2.35529,2.87047,1.7297,-0.879359
28,22,0.89,1.15235,1.52886,0.793256,1.23411
29,0.25,3.4,7.10545,5.58902,4.00829,-1.54492
29,0.75,10.61,15.8487,12.7564,9.25138,1.49629
29,1.5,14.77,20.9468,17.3871,12.8872,1.48886
29,3,13.68,20.2088,17.6414,13.864,-0.135289
29,4,13.61,17.6342,15.8256,13.0347,0.449799
29,10,6.3,6.20738,6.37176,7.24897,-1.33359
29,12,5.61,4.34235,4.65033,5.91014,-0.517234
29,16,4.16,2.12457,2.47621,3.92798,0.601315
29,18,3.33,1.48608,1.80688,3.20222,0.406066
29,24.25,5.09,8.93244,7.31847,6.45582,-2.15499
29,24.75,13.97,19.2838,15.787,12.604,1.10446
29,25.5,17.59,25.288,21.2219,16.8073,0.474642
29,27,16.75,24.3193,21.4076,17.757,-0.577987
29,28,15.24,21.2102,19.1854,16.6471,-0.861482
29,34,10.06,7.46373,7.71922,9.24145,0.902461
29,36,6.13,5.22122,5.63373,7.53458,-1.8991
29,40,4.74,2.55458,2.99984,5.0076,-0.54419
29,42,3.93,1.78685,2.18898,4.08237,-0.379977
29,48.25,9.96,13.8572,11.2575,9.64328,0.334651
29,48.75,18.79,30.1389,24.5837,19.3296,-0.284543
29,49.5,23.84,39.5948,33.1493,25.97,-0.835999
29,51,29.43,38.1062,33.483,27.5251,0.70543
29,52,24.66,33.2385,30.0139,25.8178,-0.457113
29,58,13.63,11.6973,12.0779,14.337,-0.502554
29,60,12.42,8.18279,8.81486,11.689,0.63727
29,64,8.61,4.00358,4.69373,7.7687,1.10324
29,66,7.12,2.80039,3.425,6.33331,1.26522
30,0.5,3.08,12.2283,9.71453,3.10831,-0.0926744
30,0.75,4.42,15.8487,12.7339,4.35257,0.157727
30,1.5,6.85,20.9468,17.3594,7.12547,-0.39382
30,1.75,8.18,21.452,17.9458,7.79196,0.507348
30,4,10.99,17.6342,15.8034,10.3876,0.590865
30,5,9.68,14.9987,13.7787,10.461,-0.760695
30,6,10.28,12.6297,11.8729,10.2459,0.0338653
30,7,9.69,10.5921,10.1797,9.87327,-0.189139
30,8,10.18,8.86863,8.70923,9.42063,0.821301
30,9,8.83,7.42064,7.44428,8.93389,-0.118481
30,11,7.72,5.1919,5.43357,7.95369,-0.299335
30,20,4.41,1.03947,1.31507,4.52046,-0.248809
30,24.5,6.6,18.2307,14.7605,7.91142,-1.68875
30,24.75,9.88,23.4702,19.1222,9.66556,0.226057
30,25.5,14.22,30.8211,25.7728,13.5384,0.513055
30,25.75,12.82,31.5381,26.6035,14.4564,-1.15363
30,28,14.38,25.8683,23.3323,17.8093,-1.96256
30,29,18.85,21.9987,20.3364,17.7483,0.632632
30,30,19.68,18.5229,17.5211,17.2788,1.41636
30,31,14.34,15.5341,15.0215,16.5899,-1.38217
30,32,15.61,13.0064,12.8514,15.7938,-0.11863
30,33,13.21,10.8828,10.9847,14.9568,-1.19025
30,35,15.1,7.61416,8.01764,13.2965,1.38224
30,44,7.19,1.52443,1.94049,7.54965,-0.485307
30,48.5,10.51,15.4483,12.6854,9.42432,1.17377
30,48.75,9.76,19.7903,16.2945,10.8374,-1.01298
30,49.5,13.46,25.8647,21.7777,13.9257,-0.340839
30,49.75,16.75,26.4499,22.4543,14.6466,1.46356
30,52,18.51,21.659,19.6332,17.0826,0.851623
30,53,14.29,18.4169,17.108,16.8914,-1.5696
30,54,17.28,15.5063,14.7382,16.3692,0.567058
30,55,16.15,13.0039,12.635,15.6729,0.310255
30,56,15.82,10.8878,10.8094,14.8951,0.632791
30,57,15.23,9.11009,9.23928,14.0905,0.824171
30,59,10.76,6.3739,6.74366,12.5123,-1.42716
30,68,7.74,1.27611,1.63215,7.099,0.919817
31,0.25,8.19,8.31203,6.51354,8.5452,-0.423501
31,0.5,15.15,14.3048,11.3439,14.107,0.753495
31,1.25,20.59,23.3511,19.1317,20.6078,-0.00878229
31,1.5,21,24.5038,20.2757,20.928,0.0350558
31,1.75,22.74,25.0948,20.9615,20.7817,0.960472
31,3,15.49,23.6405,20.5789,17.178,-1.00149
31,6,9.23,14.7744,13.8686,8.51855,0.850901
31,9,3.75,8.68075,8.69361,4.08854,-0.842968
31,16,0.66,2.48535,2.88349,0.735472,-1.03779
31,20,0.3,1.21598,1.5343,0.275957,0.869442
32,1,11.07,20.7545,16.8018,10.96,0.102228
32,2,13.54,24.4538,20.5809,13.5199,0.0151275
32,3,12.12,22.8779,19.8878,13.0889,-0.754354
32,4,10.49,19.9632,17.8416,11.7189,-1.06862
32,7,7.65,11.991,11.4888,7.41196,0.327166
32,11,3.67,5.87762,6.12807,3.82886,-0.42235
32,12,3.47,4.91586,5.23367,3.24314,0.711857
32,20,0.95,1.17675,1.48074,0.858686,1.07669
32,22,0.51,0.823105,1.07992,0.615946,-1.7368
33,0.75,16.99,25.1187,20.0811,18.4165,-0.789471
33,1,23.79,29.0563,23.4855,21.5467,1.06116
33,3,21.08,32.029,27.8053,25.3499,-1.71691
33,5,20.83,23.7716,21.7464,19.4822,0.70514
33,8,12.05,14.0559,13.7363,11.8912,0.13609
33,9,10.1,11.761,11.7381,10.039,0.0618914
33,18,2.2,2.35529,2.83504,2.1705,0.1382
33,20,1.4,1.64746,2.06722,1.54411,-0.947857
33,22,1.2,1.15235,1.50735,1.09849,0.93701
34,0.5,5.33,14.7662,11.6505,5.13421,0.38834
34,0.75,7.25,19.138,15.2756,7.17037,0.113135
34,1.5,10,25.2943,20.8368,11.61,-1.41309
34,1.75,14.18,25.9043,21.5439,12.6369,1.2444
34,3,14.83,24.4031,21.1569,15.4277,-0.394846
34,5,15.12,18.1117,16.5459,15.3202,-0.133156
34,8,11.76,10.7093,10.4487,11.8948,-0.115524
34,10,8.27,7.4957,7.62518,9.47445,-1.29529
34,16,4.9,2.56552,2.95505,4.40461,1.14512
34,20,2.36,1.2552,1.5705,2.58991,-0.90298
34,24.5,6.62,16.2508,13.1499,6.87461,-0.377273
34,24.75,9.25,20.8712,16.9717,8.99133,0.293119
34,25.5,15.3,27.3449,22.7976,13.5773,1.29302
34,25.75,11.95,27.9725,23.5234,14.6275,-1.86549
34,27,16.32,26.2875,22.9988,17.4078,-0.636873
34,29,16.83,19.495,17.9588,17.0549,-0.134375
34,32,14.46,11.5256,11.3375,13.1583,1.00811
34,34,11.47,8.06701,8.27362,10.4644,0.979141
34,40,5.62,2.76106,3.20633,4.85802,1.59719
34,44,2.46,1.35087,1.70405,2.85602,-1.41075
35,0.5,13.94,19.6114,15.4484,13.3023,0.488516
35,1,19.78,29.4022,23.6929,20.449,-0.333467
35,1.5,22.47,33.594,27.6345,24.102,-0.690198
35,2,20.52,34.6429,29.0351,25.7778,-2.07904
35,4,26.82,28.2812,25.1749,25.2949,0.614549
35,7,21.35,16.9873,16.2009,21.0247,0.157709
35,12,9.45,6.96414,7.36909,15.1014,-3.81395
35,16,9.68,3.40734,3.91486,11.5836,-1.67457
35,22,7.11,1.16606,1.5158,7.7817,-0.879374
35,24.5,14.27,13.4356,11.0168,15.2005,-0.623848
35,25,20.26,19.7071,16.2739,19.6098,0.337934
35,25.5,21.45,22.3611,18.7527,21.7656,-0.147773
35,26,18.83,22.9865,19.5927,22.6487,-1.71855
35,28,23.71,18.6987,16.8765,21.595,0.998271
35,31,21.46,11.2252,10.8481,17.8889,2.03457
35,36,13.89,4.60173,4.93386,12.8473,0.827106
35,40,9.82,2.25148,2.62113,9.85448,-0.0356561
35,46,6.85,0.770506,1.01488,6.62013,0.35369
35,48.5,15.44,12.7212,10.316,13.9033,1.12637
35,49,18.46,18.7839,15.4048,18.1766,0.158901
35,49.5,19.46,21.359,17.8144,20.2774,-0.410885
35,50,24.57,21.9778,18.6434,21.1512,1.6475
35,52,20.48,17.8979,16.0902,20.2195,0.131331
35,55,16.26,10.7463,10.3463,16.7547,-0.300901
35,60,12.39,4.40546,4.70574,12.0328,0.302477
35,64,10.03,2.15546,2.49994,9.22977,0.883383
35,70,5.61,0.737644,0.967955,6.20046,-0.969951
36,0.25,7.1,13.2724,10.3114,7.42921,-0.451419
36,1.5,29.06,39.1271,32.1414,27.7663,0.474945
36,3,35.45,37.7485,32.6424,33.6955,0.530785
36,4,34.85,32.9393,29.2832,33.4233,0.435112
36,8,26.19,16.5659,16.1099,25.6102,0.230758
36,12,16.59,8.11117,8.56491,18.3576,-0.981364
36,24.25,13.92,13.5106,11.0232,13.575,0.258972
36,25.5,30.38,37.8775,31.5294,32.2311,-0.585443
36,27,38.16,36.3977,31.7915,37.1622,0.273695
36,28,35.25,31.7405,28.4852,36.4849,-0.345032
36,32,24.15,15.9567,15.6578,27.7039,-1.30759
36,36,23,7.81278,8.32432,19.8459,1.61989
37,0.25,3.79,7.37358,5.71938,3.5346,0.73544
37,0.5,6.4,12.6897,9.96484,6.42055,-0.0326092
37,1,11,19.025,15.2861,10.6355,0.349251
37,1.25,10.97,20.7147,16.8219,12.1231,-0.969258
37,1.75,16.88,22.2615,18.4388,14.1694,1.94953
37,7,11.93,10.9918,10.4508,11.2813,0.585962
37,9,7.96,7.70067,7.63215,8.7104,-0.877737
37,24.25,5.71,9.21892,7.4416,5.24123,0.910824
37,24.5,7.65,15.4796,12.4325,8.61568,-1.14195
37,25,13.6,22.9254,18.6714,13.5282,0.0541167
37,25.25,14.91,24.9031,20.4628,15.2536,-0.229575
37,25.75,19.61,26.6951,22.3294,17.61,1.15751
37,31,13.85,13.1413,12.5852,13.7501,0.074071
37,33,9.66,9.20645,9.19048,10.6107,-0.912955
37,48.25,5.39,8.37915,6.85299,5.02309,0.743825
37,48.5,7.63,13.9589,11.2981,8.02235,-0.498262
37,49,10.45,20.5904,16.8496,12.3834,-1.59103
37,49.25,11.75,22.3492,18.4408,13.9124,-1.584
37,49.75,15.36,23.9373,20.0925,15.9949,-0.404531
37,55,11.7,11.7719,11.3029,12.4052,-0.579314
37,57,10.94,8.24702,8.25397,9.57102,1.45738
38,0.5,11.23,18.4578,14.4724,11.4794,-0.221351
38,1,16.37,27.6727,22.203,17.4736,-0.643688
38,1.25,21.05,30.1304,24.4347,19.1429,1.01537
38,2,22.23,32.6051,27.2199,20.9896,0.602322
38,6,10.17,19.0638,17.715,12.0952,-1.62198
38,9,6.29,11.201,11.0817,6.80177,-0.766439
38,10,5.69,9.36963,9.46049,5.60106,0.161714
38,14,2.5,4.58475,5.01979,2.57147,-0.282706
38,18,1.1,2.24314,2.6629,1.18012,-0.688685
38,24.5,13.2,23.3128,18.6792,14.3951,-0.846061
38,25,22.19,34.541,28.0767,21.7071,0.226748
38,25.25,26.41,37.5237,30.7764,23.7377,1.14746
38,26,22.38,40.4782,34.0937,25.9608,-1.40595
38,30,15.35,23.6158,22.0984,14.9306,0.286259
38,33,8.98,13.8749,13.8222,8.39577,0.708959
38,34,6.88,11.6063,11.8,6.91365,-0.0495782
38,38,3.6,5.6792,6.2611,3.17407,1.36555
38,42,1.44,2.77861,3.3214,1.45667,-0.116201
39,1,38.26,32.5154,26.0524,36.6987,0.43368
39,1.25,39.46,35.4032,28.6721,38.8064,0.171703
39,1.75,40.61,38.047,31.4319,39.3074,0.337826
39,2,32.57,38.311,31.9429,38.4135,-1.55069
39,4,24.43,31.2757,27.6983,24.54,-0.0457011
39,5,20.65,26.6015,24.1386,18.4176,1.23539
39,10,4.15,11.0093,11.095,4.04921,0.253393
39,12,2.09,7.70152,8.08051,2.19791,-0.499206
39,16,0.51,3.76811,4.28455,0.647407,-2.14408
39,18,0.35,2.63568,3.11982,0.351362,-0.0388553
39,22,0.12,1.28953,1.65416,0.103492,1.53732
40,0.5,12.63,19.3807,15.2795,12.7783,-0.118252
40,0.75,12.61,25.1187,20.1329,16.4132,-2.36157
40,1.25,23.11,31.6369,26.1844,20.315,1.40231
40,1.5,22.26,33.1987,27.9093,21.1383,0.540881
40,1.75,20.01,33.9994,29.024,21.4692,-0.692759
40,5,11,23.7716,24.3437,13.611,-1.95494
40,7,8.21,16.7875,19.0858,9.0879,-0.984242
40,10,5.16,9.83811,13.0564,4.90148,0.537077
40,11,4.98,8.22867,11.4969,3.98798,2.53235
40,12,3.4,6.88221,10.123,3.2446,0.487418
40,16,1.48,3.36725,6.08359,1.42153,0.417565
40,24.5,9.5,15.9648,14.0668,10.2862,-0.778799
40,24.75,12.12,20.441,17.8156,13.1298,-0.783774
40,25.25,16.74,25.5023,22.4473,16.1726,0.357563
40,25.5,16.96,26.7012,23.7438,16.8089,0.0916342
40,25.75,18.76,27.3034,24.5628,17.0588,1.01638
40,29,10.22,19.0075,20.2897,10.7916,-0.539748
40,31,7.68,13.4208,15.8971,7.20487,0.671787
40,34,3.29,7.8649,10.8737,3.88583,-1.56091
40,35,3.23,6.57825,9.57479,3.16161,0.220115
40,36,2.18,5.50185,8.43058,2.57227,-1.5512
40,40,1.07,2.69188,5.0665,1.12697,-0.512695
40,48.5,14.64,22.7386,19.1791,14.7989,-0.109401
40,48.75,19.72,29.2706,24.6721,18.9432,0.417932
40,49.25,28.24,36.6719,31.4856,23.3843,2.11653
40,49.5,22.3,38.4343,33.4079,24.3168,-0.845372
40,49.75,27.16,39.3278,34.6346,24.687,1.02108
40,53,15.72,27.4312,28.7895,15.6326,0.0570113
40,55,10.3,19.3701,22.5628,10.4372,-0.133954
40,58,5.31,11.3514,15.4338,5.62918,-0.577473
40,59,3.83,9.49443,13.5903,4.58005,-1.66746
40,60,4.03,7.94085,11.9662,3.7263,0.829605
40,64,1.78,3.88521,7.1913,1.63258,0.917269
41,1.25,28.63,32.7668,27.0849,26.7447,0.718541
41,1.75,28.31,35.2137,30.0239,28.8448,-0.188979
41,3,29.12,33.1729,30.4314,28.8316,0.101947
41,7,20.23,17.387,19.7395,22.1408,-0.879649
41,8,21.05,14.5579,17.4027,20.622,0.211554
41,10,15.72,10.1895,13.4994,17.8873,-1.2349
41,14,15.09,4.98591,8.11044,13.457,1.23664
41,16,9.18,3.48751,6.28597,11.6721,-2.17573
41,18,11.58,2.43941,4.8719,10.124,1.4654
42,0.25,12.66,12.1999,9.43005,12.6575,0.00198571
42,1.75,35.87,36.8327,31.3666,38.1373,-0.606043
42,6,25.76,21.685,23.3436,25.1949,0.228618
42,8,20.75,15.2273,18.1753,19.027,0.922991
42,9,17.54,12.7411,16.0089,16.5209,0.62868
42,11,11.71,8.91439,12.4094,12.4517,-0.607043
42,16,6.24,3.64785,6.5593,6.13927,0.16711
42,18,4.53,2.55157,5.08262,4.62668,-0.212764
42,24.25,13.59,11.024,10.1662,12.4826,0.904054
42,25.75,35.96,31.4001,28.088,33.397,0.782276
42,30,22.76,18.4094,20.5959,21.8895,0.40535
42,32,17.04,12.9263,16.0319,16.5294,0.314831
42,33,13.44,10.8157,14.1205,14.3522,-0.647725
42,35,9.04,7.56726,10.9453,10.8171,-1.67408
42,40,4.91,3.09659,5.78544,5.33334,-0.80837
42,42,4.31,2.16598,4.48297,4.01931,0.73627
42,48.25,14.49,13.1769,11.6576,14.5963,-0.0741989
42,49.75,39.27,38.1844,33.7245,40.3186,-0.265133
42,54,27.7,22.4153,24.827,26.485,0.467628
42,56,20.07,15.7394,19.3267,20,0.0356596
42,57,16.55,13.1695,17.0226,17.3657,-0.478743
42,59,15.68,9.21411,13.195,13.0884,2.01781
42,64,6.26,3.7705,6.97454,6.45319,-0.304942
42,66,5.07,2.63735,5.40438,4.86325,0.4329
43,0.25,3.95,6.97138,5.38093,3.76702,0.494442
43,0.5,6.57,11.9976,9.41927,6.66123,-0.139511
43,0.75,7.39,15.5496,12.4131,8.85898,-1.68944
43,1.25,12.86,19.5848,16.1483,11.703,1.00743
43,3,13.44,19.8275,18.1476,13.5141,-0.0559067
43,5,10.69,14.7157,15.0145,11.1419,-0.413318
43,7,8.63,10.3922,11.7652,8.55307,0.0916429
43,10,6.39,6.09026,8.04076,5.61277,1.4103
43,11,4.16,5.09394,7.078,4.87064,-1.48571
44,0.25,10.03,11.1274,8.57679,9.30922,0.788888
44,1,22.93,28.7104,23.2675,23.8599,-0.397244
44,2,21.47,33.8278,29.1791,27.5088,-2.23764
44,8,9.39,13.8886,16.5275,8.4789,1.09478
44,12,2.97,6.80028,9.92471,3.31584,-1.06145
44,14,2.34,4.75668,7.68709,2.07178,1.31614
44,20,0.51,1.62784,3.57157,0.505257,0.0945899
44,22,0.29,1.13863,2.76624,0.31567,-0.813644
45,0.25,9.73,12.334,9.49373,10.2538,-0.520483
45,0.75,25.29,27.5109,21.9054,22.9496,1.03945
45,1.25,24.83,34.65,28.5012,29.2303,-1.53451
45,2,38.64,37.4958,32.3067,32.5849,1.89423
45,4,31.97,30.6103,29.5409,30.3494,0.544291
45,5,27.01,26.0356,26.5002,28.0079,-0.363188
45,6,22.39,21.9233,23.5083,25.7018,-1.31341
45,7,24.15,18.3863,20.7572,23.5413,0.263559
45,18,7.95,2.57961,5.09769,8.87312,-1.05997
45,20,8.17,1.80436,3.94732,7.43007,1.01451
46,0.25,7.15,11.7977,9.06869,8.09194,-1.18592
46,0.5,15.17,20.3036,15.8772,14.3292,0.597982
46,0.75,19.56,26.3148,20.9267,19.0626,0.265956
46,2,27.62,35.8656,30.8677,28.5919,-0.34648
46,3,31.33,33.5542,30.6101,27.8481,1.27448
46,4,23.25,29.2794,28.2248,24.6809,-0.590966
46,5,18.45,24.9036,25.3178,20.9457,-1.21447
46,8,13.76,14.7253,17.4704,11.6287,1.86766
46,9,8.19,12.3211,15.381,9.44508,-1.35393
46,10,7.61,10.3066,13.5366,7.65606,-0.0612831
46,11,5.81,8.62051,11.9116,6.19886,-0.638956
46,14,3.39,5.04322,8.11412,3.28092,0.338353
46,16,2,3.5276,6.28158,2.14502,-0.687385
46,18,1.41,2.46745,4.86288,1.40216,0.056742
46,20,0.95,1.72591,3.7646,0.916522,0.369999
47,0.25,13.04,9.51862,7.30706,11.1245,1.75461
47,0.5,17.89,16.3813,12.7937,19.0004,-0.595618
47,1,27.9,24.5595,19.8313,28.089,-0.0685772
47,1.5,32.02,28.0608,23.3946,31.691,0.105822
47,8,12.66,11.8806,14.0742,12.1303,0.445012
47,9,9.37,9.94086,12.3895,10.0237,-0.664548
47,10,9.37,8.31554,10.9025,8.28131,1.33935
47,12,5.68,5.8171,8.43947,5.65135,0.0516244
47,14,3.45,4.06896,6.53201,3.85637,-1.07269
47,22,0.7,0.974007,2.34381,0.836113,-1.64795
47,24.25,12.5,11.7789,10.2989,13.5486,-0.788724
47,24.5,27.07,19.773,16.6575,22.7302,1.94605
47,25,30.21,29.2802,24.7789,33.3077,-0.948032
47,25.5,34.8,33.3246,28.8454,37.4756,-0.727791
47,32,14.46,14.0517,17.1038,14.3042,0.111029
47,33,13.46,11.7574,15.0561,11.8201,1.41379
47,34,8.91,9.83506,13.249,9.76538,-0.892504
47,36,7,6.88007,10.2558,6.66411,0.513415
47,38,4.49,4.81249,7.93777,4.54746,-0.128647
47,46,1.11,1.15199,2.84823,0.98595,1.27503
47,48.25,11.8,10.2892,9.44199,11.7659,0.0295579
47,48.5,20.29,17.1182,14.8613,19.6118,0.352446
47,49,22.35,25.2334,21.7706,28.6447,-2.24
47,49.5,33.1,28.6771,25.2136,32.1961,0.286174
47,56,11.78,12.0735,14.8652,12.2761,-0.411849
47,57,10.35,10.1022,13.0853,10.1442,0.206672
47,58,9.84,8.45046,11.5147,8.38085,1.77381
47,60,5.98,5.91147,8.91329,5.71928,0.464294
47,62,3.76,4.13497,6.89872,3.90272,-0.372265
47,70,0.8,0.989808,2.4754,0.846162,-0.5523
48,0.25,14.89,12.8702,9.86704,13.6098,0.958609
48,0.75,28.23,28.707,22.7734,29.5361,-0.45074
48,1.25,36.58,36.1565,29.637,36.4927,0.0243881
48,1.75,30.35,38.8565,32.8651,38.7582,-2.21146
48,4,35.02,31.9412,30.7226,32.2228,0.884865
48,7,24.67,19.1857,21.5694,21.0218,1.76885
48,9,13.74,13.4412,16.7247,15.6956,-1.26982
48,12,9.83,7.86538,11.3883,10.1206,-0.292535
48,14,7.25,5.5017,8.81218,7.5534,-0.409201
48,18,4.23,2.69176,5.27602,4.20743,0.0546017
48,20,3.27,1.88281,4.08241,3.14018,0.420687
48,22,2.29,1.31697,3.15884,2.34365,-0.232783
49,0.25,4.2,6.70325,5.13246,4.0994,0.249834
49,1.25,12.02,18.8315,15.4186,11.2553,0.692322
49,1.5,9.52,19.7611,16.4386,11.8364,-1.99422
49,2,13.41,20.3782,17.4818,12.3578,0.867626
49,3,12.42,19.0649,17.3368,12.1599,0.217975
49,7,9.15,9.99254,11.2185,9.00677,0.162028
49,9,7.3,7.00061,8.69661,7.65254,-0.469316
49,22,2.7,0.685921,1.63985,2.65056,0.189744
49,24.25,10,12.6587,10.5696,9.66708,0.350896
49,25.25,23.26,34.6571,29.1423,22.518,0.335851
49,25.5,22.7,36.3323,30.9646,23.5345,-0.361427
49,26,26.17,37.4239,32.7981,24.404,0.737612
49,27,18.51,34.9788,32.416,23.8939,-2.29672
49,31,18.8,18.3237,20.9342,17.6645,0.655161
49,33,13.66,12.8372,16.2274,15.0083,-0.915571
49,46,5.01,1.25778,3.05983,5.19833,-0.368939
49,48.25,8.4,7.67866,7.52735,8.50818,-0.12954
49,49.25,15.97,19.9118,17.7431,15.4683,0.330544
49,49.5,15.86,20.8293,18.7198,15.9805,-0.0768476
49,50,16.31,21.4011,19.6624,16.3563,-0.0288343
49,51,15.26,19.9609,19.2939,15.8606,-0.385904
49,55,11.68,10.4442,12.4066,11.6819,-0.00167123
49,57,11.43,7.31675,9.61604,9.92507,1.54499
49,70,3.38,0.716891,1.81316,3.43767,-0.170743
50,0.25,6.4,8.98236,7.26533,6.9478,-0.803174
50,0.5,12.88,15.4584,12.6313,12.4526,0.34973
50,1,20.05,23.1758,19.3381,20.1687,-0.0599888
50,2,31.54,27.3068,23.811,27.3243,1.57266
50,4,19.52,22.2923,21.363,28.171,-3.13024
50,5,30.32,18.9607,19.0834,26.5389,1.45226
50,6,23.5,15.9659,16.8866,24.6233,-0.465013
50,7,23.73,13.39,14.887,22.6847,0.46968
50,12,15.14,5.48938,7.84307,14.6627,0.331754
50,14,12.56,3.83973,6.0657,12.2874,0.226114
50,16,10.56,2.68578,4.69105,10.2959,0.261356
50,24.25,10.85,9.46311,8.78196,11.8083,-0.826975
50,24.5,18.68,15.8156,14.0165,17.1224,0.927128
50,25,25,23.3676,20.5253,24.5133,0.202368
50,26,30.06,27.3489,24.7534,31.1689,-0.362662
50,28,27.75,22.2741,22.0478,31.3137,-1.1601
50,29,31.55,18.9407,19.6813,29.4044,0.743791
50,30,30.81,15.9476,17.4108,27.2414,1.33528
50,31,24.52,13.3742,15.3475,25.0791,-0.227219
50,36,13.47,5.48274,8.08506,16.2002,-1.7176
50,38,14.54,3.83508,6.25284,13.5756,0.723923
50,40,11.51,2.68253,4.83578,11.3754,0.120603
51,0.25,17.76,13.1384,10.6137,16.7016,0.645884
51,1,36.02,33.899,28.2542,41.9801,-1.44728
51,1.25,42.57,36.9098,31.0972,45.486,-0.653529
51,1.5,51.04,38.7319,32.9918,47.5833,0.740554
51,1.75,48.18,39.666,34.1653,48.6602,-0.100592
51,3,42.21,37.3672,34.0958,46.4478,-0.930084
51,4,45.55,32.6066,31.2138,41.6686,0.94957
51,6,29.42,23.3531,24.6683,32.2195,-0.88571
51,10,20.34,11.4778,14.806,18.8614,0.798973
51,11,17.54,9.60011,13.0198,16.4927,0.647167
51,14,10.43,5.61632,8.85183,11.0264,-0.551122
51,16,8.04,3.92846,6.84398,8.43058,-0.472004
51,18,6.24,2.74784,5.29157,6.44588,-0.325337
51,22,3.33,1.3444,3.16325,3.76818,-1.1837
51,24.25,11.85,10.0157,9.73292,14.3749,-1.79003
51,25,28.62,24.3082,21.7555,31.6483,-0.975364
51,25.25,31.59,26.363,23.6601,33.9979,-0.721953
51,25.5,34.35,27.5944,24.9089,35.3727,-0.294727
51,25.75,41.52,28.2112,25.6593,36.0422,1.54928
51,27,35.96,26.4784,25.321,34.1552,0.538632
51,28,34.84,23.0851,23.1206,30.5971,1.41351
51,30,23.08,16.526,18.2472,23.6442,-0.243208
51,34,12.87,8.12163,10.9493,13.8403,-0.714483
51,35,13.1,6.79299,9.62831,12.1022,0.840188
51,38,7.31,3.97407,6.54604,8.09103,-0.983435
51,40,5.77,2.77975,5.06121,6.18627,-0.685373
51,42,5.41,1.94435,3.91318,4.72992,1.46408
51,46,3.01,0.951292,2.33927,2.76505,0.901233
51,48.25,13.62,8.68023,8.24957,12.2698,1.12138
51,49,28.92,21.311,18.8888,27.5507,0.506626
51,49.25,30.04,23.13,20.5791,29.6362,0.138889
51,49.5,38.85,24.2223,21.6904,30.8612,2.63868
51,49.75,30.22,24.772,22.3616,31.4635,-0.402868
51,51,24.63,23.2671,22.1046,29.8508,-1.78279
51,52,26.15,20.2888,20.1917,26.7473,-0.227607
51,54,20.48,14.5255,15.939,20.6712,-0.0942688
51,58,10.99,7.13863,9.56463,12.1002,-0.934988
51,59,12.37,5.9708,8.41069,10.5806,1.72328
51,62,8.15,3.49307,5.71822,7.07376,1.54988
51,64,4.99,2.44331,4.42116,5.40848,-0.787999
51,66,3.7,1.70902,3.41831,4.13524,-1.07152
51,70,2.65,0.836153,2.04344,2.41741,0.978533
52,0.25,12.9,6.83732,5.51665,12.3215,0.478451
52,1,30.43,17.6413,14.6876,29.4491,0.339515
52,1.25,27.68,19.2081,16.166,31.3546,-1.19463
52,1.75,31.18,20.6425,17.7617,32.357,-0.370784
52,3,30.96,19.4462,17.7258,28.1042,1.03578
52,4,21.48,16.9687,16.2266,23.311,-0.800611
52,9,9.47,7.14062,8.747,8.0706,1.76653
52,11,5,4.99598,6.76264,5.2499,-0.484761
52,12,4.25,4.17848,5.94576,4.23411,0.0382012
52,14,2.64,2.92278,4.59593,2.75411,-0.421505
52,16,1.81,2.0444,3.5525,1.79143,0.105356
52,18,1.11,1.43,2.74596,1.16524,-0.480886
53,1.25,31,31.2603,26.2817,28.6589,0.832689
53,1.75,25.98,33.5947,28.8771,31.2421,-1.7169
53,2,33.46,33.8278,29.4078,31.7488,0.549416
53,3,32.79,31.6477,28.819,31.1542,0.535224
53,4,25.88,27.6158,26.3801,28.8783,-1.05833
53,6,24.82,19.7787,20.8397,23.7806,0.445488
53,8,21.5,13.8886,16.1605,19.3687,1.12155
53,11,14.64,8.13071,10.9848,14.2083,0.309631
53,12,9.85,6.80028,9.65658,12.8134,-2.35684
53,14,9.7,4.75668,7.4623,10.4209,-0.704923
53,16,9.75,3.32716,5.76656,8.47514,1.53255
53,18,6.78,2.32725,4.45616,6.89266,-0.166505
54,0.25,14.18,8.31203,6.69039,12.9578,0.961239
54,1,25.97,21.4463,17.8172,25.8193,0.059482
54,2,24.88,25.2689,21.9455,24.8185,0.0252533
54,3,19.52,23.6405,21.5061,20.9615,-0.700934
54,4,17.84,20.6287,19.6849,17.3662,0.278044
54,5,15.46,17.5457,17.5779,14.3428,0.793832
54,10,4.99,7.26146,9.31703,5.49532,-0.936498
54,11,3.98,6.07354,8.1897,4.53581,-1.24768
54,18,1.31,1.73843,3.31913,1.18382,1.08126
54,20,0.76,1.21598,2.56419,0.806506,-0.583571
54,22,0.62,0.850541,1.98095,0.549453,1.29494
54,24.25,18.48,12.3667,10.9778,18.7485,-0.145939
54,25,35.91,30.9375,26.634,36.9558,-0.28846
54,26,35.09,36.2817,32.3308,35.4813,-0.112418
54,27,26.83,33.9022,31.564,29.9623,-1.06564
54,28,22.5,29.5705,28.8532,24.8226,-0.953731
54,29,24.44,25.147,25.752,20.5009,1.95841
54,34,8.05,10.4062,13.6453,7.85475,0.253244
54,35,5.24,8.70382,11.9943,6.48326,-1.95332
54,42,1.61,2.49129,4.86104,1.69209,-0.492884
54,44,1.29,1.74259,3.75538,1.15278,1.20733
54,46,0.73,1.21889,2.90121,0.785361,-0.713257
54,48.25,19.11,12.613,11.6662,18.9016,0.11235
54,49,32.42,31.153,27.2589,37.0884,-1.28312
54,50,42.3,36.4619,32.88,35.5908,1.92161
54,51,32,34.053,32.0467,30.0527,0.660496
54,52,20.66,29.6965,29.2775,24.8972,-1.73471
54,53,20.5,25.2524,26.125,20.5625,-0.0309663
54,58,9.18,10.4493,13.8409,7.87833,1.68322
54,59,6.19,8.7399,12.1662,6.50273,-0.489872
54,66,1.93,2.50162,4.93073,1.69717,1.39375
54,68,1.01,1.74981,3.80922,1.15624,-1.28288
54,70,0.71,1.22394,2.9428,0.78772,-0.99834
55,0.25,8.18,7.77577,6.25138,8.59396,-0.49076
55,1.25,24.86,21.8445,18.3276,23.9384,0.392414
55,1.5,26.53,22.9229,19.4461,24.9297,0.654319
55,1.75,21.86,23.4758,20.1391,25.2855,-1.38087
55,2,24.43,23.6387,20.5096,25.1667,-0.298393
55,4,19.26,19.2978,18.3956,17.6659,0.919687
55,10,3.19,6.79298,8.70032,3.0239,0.558919
55,11,2.28,5.6817,7.64656,2.22049,0.272517
55,16,0.46,2.32501,4.00865,0.471939,-0.254693
55,20,0.12,1.13753,2.39116,0.136579,-1.18568
55,22,0.08,0.795668,1.84678,0.0734721,0.837622
55,24.25,8.2,8.308,7.63238,8.63054,-0.50825
55,25.25,22.77,22.2897,19.5413,23.9652,-0.508353
55,25.5,22.56,23.3486,20.6212,24.9545,-0.978068
55,25.75,24.16,23.8829,21.2769,25.3084,-0.462539
55,26,27.84,24.028,21.6112,25.188,1.0732
55,28,17.56,19.5701,19.2465,17.6773,-0.0676479
55,34,3.15,6.88616,9.09228,3.02568,0.418084
55,35,2.21,5.75963,7.99103,2.22179,-0.0539743
55,40,0.51,2.3569,4.18923,0.472216,0.805566
55,44,0.13,1.15313,2.49888,0.13666,-0.476
55,46,0.07,0.806581,1.92997,0.0735153,-0.450818
55,48.25,14.69,12.7394,11.2514,13.5202,0.881721
55,49.25,38.11,34.7246,30.0237,37.5854,0.14229
55,49.5,40.82,36.3968,31.7382,39.1387,0.437914
55,49.75,43.77,37.2454,32.7866,39.695,1.04647
55,50,44.5,37.4829,33.3301,39.507,1.28832
55,52,25.23,30.5536,29.7513,27.7286,-0.91851
55,58,5.71,10.7524,14.0601,4.74618,2.06782
55,59,2.87,8.99339,12.3572,3.48518,-1.79653
55,64,0.83,3.68018,6.47815,0.740733,1.21882
55,68,0.21,1.80056,3.86422,0.214369,-0.202136
55,70,0.11,1.25944,2.98447,0.115318,-0.44701
56,0.25,11.81,12.468,10.0121,12.2174,-0.339784
56,1.25,32.08,35.0266,29.3576,29.4496,0.910468
56,2,33.39,37.9034,32.8544,30.5206,0.958321
56,3,31.95,35.4607,32.1961,28.7195,1.14659
56,4,27.14,30.943,29.4659,26.2676,0.338539
56,10,15.88,10.8922,13.9255,14.743,0.785988
56,11,11.66,9.11031,12.2372,13.3856,-1.31377
56,18,5.59,2.60764,4.94988,6.80791,-1.82232
56,20,5.19,1.82397,3.8219,5.61204,-0.765913
56,22,4.51,1.27581,2.95096,4.62624,-0.255844
56,24.25,13.9,9.16543,8.88074,11.8675,1.74522
56,25.25,23.11,24.0648,21.5102,23.0129,0.0429911
56,26,20.52,25.8931,23.6622,23.4908,-1.28905
56,27,20.15,24.1625,23.01,22.0006,-0.857366
56,28,19.82,21.0653,21.0023,20.1032,-0.143591
56,34,12.51,7.41088,9.90892,11.2803,1.11082
56,35,9.13,6.19851,8.70754,10.2418,-1.1061
56,42,5.56,1.7742,3.52215,5.20896,0.686307
56,44,4.84,1.241,2.71952,4.29396,1.2947
56,46,3.53,0.868041,2.09979,3.53969,-0.0278585
56,48.25,13.29,11.9762,10.7206,14.0147,-0.526988
56,49.25,26.73,32.4992,28.2115,29.5023,-0.957871
56,50,26.92,35.0676,31.28,30.3006,-1.13726
56,51,28.94,32.7655,30.5265,28.4329,0.181798
56,52,26.56,28.5783,27.8977,25.9908,0.223212
56,58,13.84,10.0569,13.1725,14.5855,-0.520891
56,59,13.52,8.41165,11.5755,13.2426,0.21344
56,66,6.77,2.40767,4.68222,6.73519,0.0526479
56,68,6.09,1.68409,3.61523,5.5521,0.986699
56,70,4.49,1.17797,2.79139,4.57682,-0.193158
57,1.75,34.17,28.3329,24.2586,33.6388,0.160978
57,4,27.54,23.2904,22.1557,28.5524,-0.361419
57,6,23.49,16.6808,17.4874,21.6741,0.853936
57,7,18.53,13.9895,15.4031,18.777,-0.13405
57,9,13.96,9.80085,11.9067,14.0652,-0.0762209
57,18,4.46,1.96274,3.71483,3.82231,1.69829
57,20,2.53,1.37288,2.86748,2.8614,-1.17835
57,22,2.09,0.960289,2.21341,2.14207,-0.247121
58,0.25,10.84,8.0439,6.44468,9.94036,0.922173
58,0.5,16.81,13.8434,11.209,17.007,-0.118041
58,1,26.57,20.7545,17.1712,25.2785,0.520771
58,1.25,28.79,22.5978,18.9027,27.446,0.499154
58,1.75,29.7,24.2853,20.7733,29.41,0.100529
58,2,25.83,24.4538,21.1561,29.6082,-1.30075
58,3,29.54,22.8779,20.7318,27.8707,0.610504
58,4,23.58,19.9632,18.9711,24.6694,-0.450117
58,8,14.95,10.04,11.5938,13.5462,1.05613
58,10,11.26,7.02722,8.95188,9.95117,1.34015
58,12,7.54,4.91586,6.90864,7.30845,0.322753
58,14,5.33,3.43856,5.33135,5.36738,-0.0709223
58,16,3.78,2.40518,4.11411,3.94182,-0.41792
58,20,2.16,1.17675,2.44992,2.12602,0.162508
58,22,1.39,0.823105,1.89055,1.56135,-1.11465
58,24.25,15.35,12.4824,10.972,15.8481,-0.320332
58,24.5,22.04,21.0608,17.994,26.2885,-1.64732
58,25,45.13,31.2673,26.7522,38.4791,1.76195
58,25.25,44.95,33.9806,29.2797,41.657,0.805831
58,25.75,39.72,36.4443,31.9765,44.5,-1.095
58,26,47.22,36.6759,32.5073,44.761,0.560021
58,27,30.61,34.2723,31.7411,42.0633,-2.77568
58,28,33.18,29.8938,29.0093,37.2114,-1.10437
58,32,21.18,15.0304,17.7148,20.427,0.375709
58,34,14.41,10.5201,13.6778,15.0059,-0.404686
58,36,10.74,7.35929,10.5559,11.0208,-0.259605
58,38,8.13,5.1477,8.1459,8.09373,0.0456482
58,40,6.76,3.60067,6.28605,5.94407,1.39809
58,44,3.27,1.76166,3.74329,3.20593,0.203386
58,46,2.29,1.23223,2.88863,2.35444,-0.278352
59,0.5,9,20.5343,16.6088,8.84378,0.17997
59,0.75,13.45,26.6138,21.7587,11.959,1.27049
59,1,13.77,30.7858,25.445,14.4184,-0.458303
59,1.25,15.95,33.5201,28.0116,16.346,-0.24692
59,1.5,17.56,35.1748,29.7234,17.8426,-0.161438
59,2,18.89,36.2732,31.3521,19.8548,-0.495277
59,5,18.44,25.1866,25.0902,20.6242,-1.07941
59,7,19.23,17.7867,19.5299,18.582,0.355428
59,8,17.91,14.8926,17.1713,17.5323,0.219578
59,9,16.98,12.4611,15.0883,16.52,0.283794
59,20,8.92,1.74552,3.62226,8.48961,0.516503
59,24.5,13.42,12.7786,11.7244,11.6302,1.5682
59,24.75,12.04,16.2965,14.6688,13.3531,-1.00215
59,25,14.12,18.7015,16.7602,14.6943,-0.39834
59,25.25,15.62,20.2678,18.1994,15.7263,-0.0688933
59,25.5,13.43,21.2048,19.141,16.5079,-1.90022
59,26,21.87,21.7907,19.9812,17.5019,2.54367
59,29,19.98,15.0652,15.7863,16.9703,1.80753
59,31,13.96,10.6367,12.2801,15.2154,-0.840896
59,32,13.66,8.90573,10.7963,14.3458,-0.487181
59,33,13.52,7.4516,9.4863,13.5131,0.00521091
59,44,7.13,1.0438,2.27734,6.94242,0.275231
59,48.5,11.77,14.7718,12.8404,11.446,0.288431
59,48.75,13.59,18.9866,16.3874,13.5367,0.0401336
59,49,12.44,21.8734,18.9162,15.1717,-1.83499
59,49.25,15.59,23.7595,20.6661,16.4374,-0.525432
59,49.5,19.3,24.8944,21.8219,17.4041,1.11028
59,50,17.13,25.6261,22.8864,18.6573,-0.834344
59,53,19.98,17.7547,18.1871,18.3909,0.880649
59,55,14.9,12.5369,14.1517,16.509,-0.993292
59,56,18.03,10.4969,12.4421,15.5681,1.61166
59,57,12.45,8.78299,10.9326,14.6656,-1.53966
59,68,7.6,1.2303,2.62458,7.53507,0.0877893
60,0.25,6.2,11.9318,9.53831,6.48086,-0.441428
60,0.75,16.96,26.6138,21.7364,16.113,0.535726
60,1.75,27.56,36.0232,30.7557,26.3644,0.462228
60,4,26.93,29.6121,28.0834,29.8089,-0.984476
60,5,33.33,25.1866,25.0621,28.2837,1.81866
60,9,22.78,12.4611,15.0632,20.0112,1.41022
60,14,12.59,5.10053,7.87051,12.2461,0.286146
60,18,7.67,2.49549,4.68141,8.23623,-0.700413
60,22,5.03,1.22094,2.78451,5.53802,-0.934243
60,24.25,10.96,11.9441,10.9742,10.4738,0.473018
60,24.75,19.17,25.5665,22.2192,19.2422,-0.0382217
60,25.75,26.89,34.2193,30.3932,28.4043,-0.543415
60,28,27.19,28.0336,27.4674,30.8527,-1.21013
60,29,23.21,23.838,24.4943,29.1418,-2.07486
60,33,19.99,11.792,14.7149,20.5212,-0.26385
60,38,13.46,4.82664,7.68844,12.5525,0.736773
60,42,9.23,2.36148,4.57311,8.44205,0.950923
60,46,5.76,1.15537,2.72009,5.6764,0.149997
61,0.25,5.53,6.83732,5.45979,6.03394,-0.850649
61,1,17.89,17.6413,14.5521,16.5612,0.817773
61,2,20.23,20.7857,17.9326,21.0282,-0.386911
61,4,19.65,16.9687,16.0765,19.5528,0.0506798
61,6,18.5,12.1532,12.6775,15.7329,1.7925
61,9,10.52,7.14062,8.61734,10.9229,-0.375898
61,10,8.44,5.97314,7.56791,9.65453,-1.28178
61,12,7.16,4.17848,5.83547,7.53909,-0.512253
61,16,4.79,2.0444,3.46897,4.59554,0.430865
61,18,3.7,1.43,2.6746,3.58786,0.318134
62,1,29.09,34.2449,28.2207,25.0443,1.64661
62,1.25,30.86,37.2864,31.0695,27.7155,1.15648
62,1.5,29.44,39.1271,32.9701,29.5059,-0.0227765
62,1.75,33.33,40.0708,34.1484,30.602,0.908687
62,3,24.84,37.7485,34.079,29.9967,-1.75233
62,4,27.05,32.9393,31.176,26.4212,0.242571
62,5,19.15,28.0165,27.816,22.3781,-1.47033
62,7,12.35,19.7852,21.6346,15.3114,-1.97113
62,8,14.27,16.5659,19.0137,12.5434,1.40277
62,9,9.77,13.8612,16.6999,10.2496,-0.476761
62,10,8.25,11.5949,14.664,8.36407,-0.138952
62,11,5.6,9.69807,12.875,6.82065,-1.82301
62,18,1.51,2.77588,5.1763,1.62813,-0.737002
62,20,1.05,1.94164,3.98978,1.08101,-0.290894
62,22,0.74,1.35812,3.07524,0.717749,0.313459
62,25,15.17,21.2031,18.8994,15.3137,-0.0956268
62,25.25,16.79,22.981,20.5305,16.8863,-0.0580968
62,25.5,16.34,24.0447,21.5987,17.9349,-0.906331
62,25.75,17.51,24.5754,22.2385,18.5706,-0.582086
62,27,15.9,23.0523,21.9137,18.1346,-1.25592
62,28,16.9,20.0953,19.9878,15.9561,0.602912
62,29,12.89,17.0854,17.8136,13.5076,-0.465982
62,31,9.23,12.0631,13.8463,9.23863,-0.00951397
62,32,8.7,10.1,12.168,7.56795,1.52387
62,33,7.85,8.4509,10.687,6.1838,2.74447
62,34,6.19,7.06916,9.38399,5.04614,2.30836
62,35,4.39,5.91269,8.2391,4.11494,0.680524
62,42,0.95,1.69239,3.31247,0.982247,-0.332691
62,44,0.69,1.18377,2.55318,0.652175,0.585939
62,46,0.35,0.828014,1.96793,0.433017,-1.92801
62,49,17.21,22.6225,19.5754,16.4245,0.487413
62,49.25,16.89,24.5676,21.3744,18.1397,-0.702149
62,49.5,19.3,25.7373,22.5618,19.286,0.00739267
62,49.75,20.84,26.328,23.2836,19.984,0.436566
62,51,16.95,24.7419,23.0573,19.5473,-1.3543
62,52,15.25,21.5775,21.0553,17.2071,-1.15923
62,53,15.51,18.3487,18.7732,14.5699,0.657545
62,55,10.61,12.9562,14.5958,9.96684,0.657515
62,56,7.94,10.8479,12.827,8.16471,-0.280398
62,57,5.81,9.07673,11.2659,6.67151,-1.31539
62,58,5.81,7.59267,9.8924,5.44418,0.684334
62,59,4.56,6.35056,8.68551,4.43954,0.276271
62,66,1.16,1.81772,3.49194,1.05974,0.959203
62,68,0.65,1.27144,2.69151,0.703624,-0.770455
62,70,0.49,0.889335,2.07456,0.467177,0.491767
63,0.25,7.02,11.1274,8.86643,6.46276,0.87827
63,1,18,28.7104,23.637,17.6802,0.184339
63,1.25,17.41,31.2603,26.0238,19.5775,-1.12844
63,1.75,24.58,33.5947,28.6035,21.6793,1.3638
63,7,11.83,16.5876,18.1131,12.2689,-0.36456
63,8,8.69,13.8886,15.9165,10.3872,-1.66488
63,10,7.35,9.72099,12.2717,7.41501,-0.0893083
63,20,1.37,1.62784,3.33389,1.36012,0.0737038
63,24.25,7.79,14.0341,12.4916,8.36994,-0.705915
63,25,22.38,34.911,29.9311,21.6708,0.333573
63,25.25,19.96,37.9234,32.7223,23.9096,-1.68376
63,25.75,25.62,40.6533,35.6932,26.3711,-0.290335
63,31,15.72,20.0132,22.3997,14.8444,0.601124
63,32,14.64,16.7566,19.6826,12.5671,1.68091
63,34,9.1,11.7283,15.175,8.97088,0.146644
63,44,1.57,1.96397,4.12263,1.6455,-0.466104
64,0.75,9.9,21.5303,17.5145,11.347,-1.29947
64,1.25,16.29,27.1174,22.5539,15.7777,0.330888
64,4,23.13,23.9559,22.6283,20.532,1.28971
64,5,19.73,20.3756,20.1851,19.1963,0.283394
64,6,17.52,17.1574,17.8312,17.5213,-0.000772268
64,10,11.36,8.43266,10.626,11.1472,0.194525
64,11,8.61,7.05314,9.32679,9.88137,-1.31099
64,18,4.21,2.01882,3.74189,4.19908,0.0264852
64,20,3.4,1.41211,2.88243,3.28557,0.354444
65,5,20.06,25.7526,25.4837,21.4486,-0.659857
65,18,9.64,2.55157,4.71495,9.37543,0.287528
66,1,27.63,32.5154,26.6941,24.9161,1.11024
66,1.75,28.21,38.047,32.3077,31.3214,-1.0126
66,3,29.87,35.842,32.2398,32.7172,-0.88708
66,5,24.28,26.6015,26.2949,27.8675,-1.31223
66,6,27.7,22.3999,23.2224,24.9684,1.11512
66,7,25.38,18.786,20.4291,22.233,1.44272
66,14,9.65,5.38708,8.19277,9.55735,0.0987689
66,25,22.86,27.7352,24.0942,23.1936,-0.146617
66,25.75,26.82,32.2306,28.5706,28.2898,-0.529584
66,27,29.48,30.2689,28.2486,29.1246,0.124403
66,29,25.73,22.4427,22.9712,24.6749,0.435869
66,30,20.87,18.8959,20.2804,22.0922,-0.563871
66,31,20.97,15.8465,17.8387,19.6655,0.676089
66,38,8.19,4.54402,7.15328,8.45135,-0.315061
66,49,18.68,20.699,18.1679,17.6009,0.624881
66,49.75,21.43,24.0323,21.4731,21.3595,0.0336335
66,51,21.97,22.5604,21.1992,21.9348,0.0163787
66,53,17.25,16.725,17.2303,18.5661,-0.722513
66,54,16.38,14.0816,15.2112,16.6208,-0.147636
66,55,15.94,11.8091,13.3795,14.7943,0.789255
66,62,6.29,3.38627,5.36509,6.3576,-0.108311
67,0.5,13.04,13.6126,10.9205,12.197,0.70433
67,1.25,19.08,22.2212,18.4312,21.5645,-1.17433
67,1.5,21.02,23.3182,19.5603,23.1818,-0.950517
67,2,27.28,24.0462,20.635,25.0023,0.928576
67,3,27.89,22.4966,20.2175,25.2853,1.04999
67,4,22.03,19.6305,18.488,23.5625,-0.662955
67,5,21.19,16.6967,16.4862,21.228,-0.0182487
67,8,15.25,9.87263,11.2454,14.5787,0.469266
67,10,12.45,6.9101,8.65975,11.2016,1.13569
67,14,6.96,3.38125,5.12968,6.58883,0.573817
67,16,5.04,2.36509,3.94784,5.0519,-0.0239781
67,18,3.32,1.65431,3.03827,3.87339,-1.45438
67,20,2.98,1.15714,2.33827,2.9698,0.034948
67,22,2.4,0.809386,1.79954,2.277,0.54932
68,0.25,3.85,8.84829,7.01394,5.13824,-2.55319
68,0.75,12.86,19.7361,15.9937,12.6486,0.170332
68,1,14.57,22.8299,18.7082,15.3072,-0.490821
68,1.25,19.61,24.8576,20.5995,17.3897,1.30131
68,3,23.33,25.1657,22.5959,22.1535,0.54128
68,7,14.38,13.1901,14.3045,14.9187,-0.368018
68,9,11.53,9.2408,11.0219,11.1858,0.313553
68,14,4.6,3.78242,5.7242,5.24548,-1.25316
68,24.25,7.68,11.1968,9.88875,7.23984,0.619337
68,24.75,16.55,24.1774,20.5425,16.149,0.253043
68,25,19.85,27.8564,23.7466,19.2934,0.294064
68,25.25,21.39,30.2603,25.9668,21.7495,-0.168464
68,27,30.19,30.493,28.0879,27.2316,1.10736
68,31,17.69,15.9695,17.7384,18.2441,-0.309542
68,33,12.48,11.1877,13.6671,13.6737,-0.889652
68,38,7.21,4.57932,7.0979,6.41085,1.26974
69,3,27.11,26.6908,23.9441,28.1607,-0.380307
69,4,28.49,23.2904,21.8922,24.9228,1.45894
69,9,11.02,9.80085,11.6703,11.5591,-0.475243
69,10,10.08,8.19842,10.2366,9.87155,0.215158
69,12,6.03,5.73517,7.874,7.19848,-1.65358
69,16,3.96,2.80604,4.65794,3.82743,0.352578
69,18,2.75,1.96274,3.58252,2.79087,-0.148967
69,22,1.38,0.960289,2.11923,1.48389,-0.710927
69,27,30.3,27.4651,25.3856,29.2367,0.370725
69,28,27.13,23.9518,23.1691,25.8541,0.503027
69,33,11.91,10.0753,12.3372,11.9854,-0.0641212
69,34,9.19,8.42801,10.8215,10.2356,-1.0409
69,36,8.31,5.89577,8.32389,7.46396,1.15473
69,40,4.32,2.88462,4.92407,3.96858,0.901441
69,42,2.91,2.0177,3.78721,2.89379,0.0569971
69,46,1.66,0.987179,2.24032,1.53861,0.801241
70,1,18.14,17.9872,14.7132,18.9099,-0.41496
70,4,15.74,17.3015,16.247,14.6089,0.78907
70,5,12.69,14.7157,14.4828,12.2833,0.33742
70,6,9.05,12.3914,12.7835,10.3084,-1.2439
70,7,7.89,10.3922,11.2393,8.64717,-0.892118
70,9,5.67,7.28063,8.65479,6.08322,-0.691869
70,14,2.57,2.98009,4.48775,2.52486,0.181829
70,18,1.21,1.45804,2.65304,1.24946,-0.320419
70,22,0.64,0.713357,1.56841,0.618306,0.354284
70,25,41.57,34.6622,29.0691,36.3663,1.45863
70,28,30.6,33.1835,31.6448,28.0283,0.93526
70,29,17.95,28.2207,28.1981,23.566,-2.42905
70,30,20.84,23.7622,24.886,19.777,0.547805
70,31,15.61,19.928,21.8785,16.5899,-0.601969
70,33,10.93,13.9611,16.8469,11.6708,-0.646858
70,38,4.63,5.7145,8.73555,4.84403,-0.449926
70,42,1.94,2.79588,5.16424,2.39712,-1.93938
70,46,1.14,1.36791,3.05296,1.18624,-0.395429
70,49,25.65,25.7056,22.4305,26.8828,-0.467448
70,52,19.25,24.424,23.8836,20.6406,-0.686707
70,53,16.68,20.7672,21.2699,17.354,-0.395823
70,54,16.85,17.4848,18.7672,14.5637,1.5999
70,55,13.95,14.6631,16.4977,12.2166,1.44587
70,57,10.11,10.2724,12.7029,8.59431,1.79681
70,62,3.07,4.20466,6.58669,3.5671,-1.41843
70,66,2,2.05717,3.89389,1.76522,1.35145
70,70,0.98,1.00649,2.30196,0.873537,1.23412
71,0.25,10.51,6.70325,5.29773,11.7075,-1.04234
71,0.5,20.98,11.5361,9.21916,19.0756,1.01752
71,1,27.26,17.2954,14.1347,25.8382,0.560877
71,1.75,24.86,20.2378,17.111,26.4375,-0.608212
71,3,18.27,19.0649,17.0729,20.6772,-1.1866
71,4,17.33,16.636,15.6071,15.8911,0.922845
71,5,11.64,14.1498,13.9107,12.0287,-0.329286
71,6,8.61,11.9149,12.2768,9.06229,-0.508506
71,7,6.92,9.99254,10.7922,6.81733,0.153403
71,8,5.72,8.36663,9.47197,5.12612,1.17981
71,10,2.8,5.85602,7.28498,2.89726,-0.341563
71,18,0.29,1.40196,2.54306,0.295552,-0.187732
71,20,0.18,0.980629,1.95468,0.16703,0.764291
71,22,0.09,0.685921,1.50243,0.0943964,-0.44653
72,3,37.99,29.3599,26.2693,37.8303,0.0430365
72,6,27.49,18.3489,18.8832,24.651,1.17389
72,10,12.16,9.01826,11.1982,13.4979,-1.01008
72,11,12.32,7.54295,9.81677,11.6094,0.623713
72,18,3.72,2.15902,3.90406,4.04225,-0.811581
72,27,53.79,33.2238,30.5327,43.2932,2.47163
72,30,22.79,20.7464,21.8938,28.1948,-1.95399
72,34,14.27,10.1961,12.9815,15.438,-0.77109
72,35,12.25,8.52805,11.38,13.2782,-0.789106
72,42,4.73,2.44098,4.52575,4.62329,0.235025
72,51,43.7,32.5177,30.0403,42.4602,0.297645
72,54,26.29,20.3028,21.5313,27.6497,-0.50126
72,58,15.14,9.97797,12.7661,15.1396,0.000294544
72,59,14.57,8.34565,11.1913,13.0214,1.21192
72,66,5.12,2.38877,4.45068,4.5339,1.31624
73,1,9.73,22.1381,18.0607,9.44502,0.307429
73,1.75,10.87,25.9043,21.8654,12.4993,-1.32838
73,4,14.53,21.2941,19.9388,14.0736,0.330525
73,6,12.21,15.251,15.676,12.8185,-0.483751
73,14,7.73,3.6678,5.48229,7.51817,0.287032
73,16,7.16,2.56552,4.21116,6.5586,0.934027
73,20,4.43,1.2552,2.48473,4.991,-1.14463
74,0.25,13.87,12.468,9.82517,14.2816,-0.293716
74,1,32.16,32.1695,26.2217,31.0227,0.373706
74,1.25,36.16,35.0266,28.876,32.3936,1.18519
74,1.75,32.64,37.6422,31.7468,32.657,-0.00529624
74,3,29.8,35.4607,31.6729,28.5295,0.453938
74,6,20.08,22.1616,22.7514,18.1563,1.07987
74,7,12.97,18.5861,19.991,15.5721,-1.70301
74,11,6.82,9.11031,11.809,8.42415,-1.94007
74,18,3.26,2.60764,4.68568,2.87459,1.36409
74,20,2.07,1.82397,3.59807,2.11428,-0.212922
74,22,1.5,1.27581,2.76291,1.55506,-0.359631
74,24.25,13.16,11.0423,10.0819,12.7717,0.309861
74,25,24.16,27.0354,23.2876,26.3328,-0.841052
74,25.25,29.38,29.3376,25.3963,27.4162,0.730144
74,25.75,25.14,31.4141,27.6274,27.5616,-0.895585
74,27,23.11,29.5007,27.3109,24.0359,-0.392641
74,30,15.56,18.416,19.5532,15.2925,0.178279
74,31,14.21,15.4441,17.1785,13.1159,0.850105
74,35,7.27,7.56995,10.1467,7.09539,0.25069
74,42,2.23,2.16674,4.0261,2.42118,-0.803049
74,44,1.86,1.51557,3.09158,1.78079,0.451986
74,46,1.34,1.0601,2.37398,1.30978,0.234171
75,0.25,9.1,10.323,8.12708,9.63634,-0.567103
75,0.5,16.66,17.7656,14.1449,16.7246,-0.0393648
75,1.75,31.74,31.1661,26.2633,30.6328,0.36843
75,2,33.8,31.3824,26.7495,31.1175,0.87873
75,3,31.71,29.3599,26.2013,30.166,0.521744
75,4,28.67,25.6195,23.9433,27.2896,0.515596
75,5,26.72,21.7906,21.3302,24.0714,1.12155
75,6,20.82,18.3489,18.8142,21.0244,-0.0991051
75,7,15.37,15.3885,16.529,18.291,-1.62763
75,11,9.42,7.54295,9.7576,10.3853,-0.94711
75,18,3.8,2.15902,3.86727,3.84514,-0.119493
75,20,3.09,1.51017,2.96865,2.89479,0.686092
76,1,34.15,33.899,27.5842,33.0379,0.343139
76,1.25,35.3,36.9098,30.3774,35.7455,-0.127032
76,1.5,36.03,38.7319,32.2422,37.3505,-0.3604
76,1.75,38.37,39.666,33.3987,38.162,0.0555642
76,8,19.31,16.3986,18.4236,19.5845,-0.14288
76,9,18.17,13.7212,16.1464,17.1845,0.58449
76,10,15.91,11.4778,14.1469,15.0777,0.562564
76,14,8.4,5.61632,8.33176,8.93487,-0.609925
76,16,5.83,3.92846,6.39365,6.878,-1.55212
76,18,5.81,2.74784,4.90637,5.29463,0.991281
76,20,4.28,1.92203,3.76505,4.07577,0.510133
77,0.5,20.31,21.4572,17.0533,20.4553,-0.0723825
77,0.75,26.55,27.8099,22.3546,26.8561,-0.116171
77,1.25,38.26,35.0266,28.8037,34.6743,1.05413
77,1.75,34.37,37.6422,31.669,38.1493,-1.00987
77,5,31.06,26.3185,25.7074,30.4105,0.217708
77,7,23.16,18.5861,19.9089,23.0846,0.0332973
77,8,19.4,15.5619,17.4568,20.0262,-0.318722
77,10,16.86,10.8922,13.4002,15.0408,1.23263
77,16,6.1,3.72803,6.05013,6.3566,-0.411172
77,20,3.46,1.82397,3.5604,3.57935,-0.339387
77,22,2.7,1.27581,2.73127,2.68592,0.0533161
78,0.25,12.04,7.23951,5.68353,11.6703,0.322853
78,1.25,26.68,20.338,16.711,26.7387,-0.0223648
78,1.5,28.94,21.342,17.7372,27.2201,0.644055
78,1.75,28.58,21.8568,18.3736,27.2279,0.506175
78,3,19.34,20.5901,18.3281,24.5842,-2.17433
78,6,16.99,12.868,13.1464,17.1479,-0.0938568
78,7,18.34,10.7919,11.5441,15.1716,2.12836
78,9,10.7,7.56066,8.86684,11.8751,-1.00839
78,18,3.9,1.51412,2.68629,3.94319,-0.111503
78,20,3.15,1.05908,2.06003,3.08638,0.20974
79,0.25,4.6,7.10545,5.57315,4.64396,-0.0963858
79,0.75,10.62,15.8487,12.7178,10.8117,-0.180698
79,1,11.43,18.3331,14.8804,12.7696,-1.06902
79,1.75,15.67,21.452,18.0189,15.8682,-0.127277
79,2,15.79,21.6009,18.3525,16.2904,-0.313081
79,3,17.31,20.2088,17.9735,16.419,0.553037
79,7,11.56,10.5921,11.3148,11.3111,0.224236
79,9,8.89,7.42064,8.68785,9.04338,-0.172806
79,12,6.79,4.34235,5.83316,6.44698,0.541964
79,16,4.48,2.12457,3.42819,4.10343,0.934269
79,24.25,9.85,11.7478,9.97827,8.97621,0.991816
79,24.75,18.8,25.5634,21.2283,18.6628,0.0749282
79,25,23.49,29.4816,24.6207,21.7232,0.828966
79,25.75,28.42,34.3714,29.4967,26.5137,0.73289
79,26,22.08,34.5911,29.9948,27.1449,-1.90193
79,27,31.48,32.3265,29.2811,27.2071,1.60084
79,31,18.72,16.933,18.4,18.6809,0.0213324
79,33,16.14,11.8628,14.1275,14.9343,0.822751
79,36,10.72,6.94177,9.48535,10.6464,0.0704238
79,40,6.95,3.39639,5.5746,6.77632,0.261084
79,48.25,9.85,12.5752,11.116,10.3793,-0.519628
79,48.75,19.8,27.0258,22.8591,20.4736,-0.335334
79,49,22.78,31.1199,26.3929,23.6541,-0.376659
79,49.75,29.24,36.2131,31.4441,28.5998,0.228172
79,50,33.2,36.4343,31.9482,29.2382,1.38121
79,51,25.2,34.0298,31.1352,29.2178,-1.40172
79,55,17.81,17.8196,19.5464,20.0256,-1.12768
79,57,15.16,12.4838,15.0074,16.0086,-0.540264
79,60,11.47,7.30515,10.0761,11.4121,0.051659
79,64,6.04,3.57418,5.92176,7.26369,-1.71617
80,0.25,5.5,12.468,9.77038,6.23893,-1.20637
80,0.5,12.22,21.4572,17.0081,11.3127,0.817275
80,0.75,17.3,27.8099,22.2972,15.4031,1.25507
80,1,18.78,32.1695,26.0893,18.6648,0.0628985
80,1.25,21.01,35.0266,28.7331,21.2291,-0.105187
80,1.75,22.72,37.6422,31.593,24.6948,-0.815096
80,8,13.54,15.5619,17.3766,15.7933,-1.45408
80,10,12.1,10.8922,13.3253,11.6691,0.376271
80,18,3.59,2.60764,4.59672,3.32503,0.811015
80,22,1.55,1.27581,2.69964,1.7682,-1.25389
80,24.25,4.27,7.55665,7.25408,4.59371,-0.717523
80,24.5,6.34,12.3522,11.0798,7.27356,-1.30751
80,24.75,10.46,15.732,13.8601,9.4266,1.11697
80,25,9.98,18.0418,15.8376,11.1359,-1.05768
80,25.25,12.11,19.5452,17.1998,12.4719,-0.295689
80,25.75,16.55,20.8905,18.6246,14.2548,1.64091
80,32,9.94,8.58025,10.0559,8.85555,1.24769
80,34,6.59,6.00543,7.71099,6.53953,0.0786208
80,42,2.16,1.43773,2.65998,1.8628,1.62144
80,46,0.92,0.70342,1.5622,0.990601,-0.722271
81,1.25,24.31,24.1043,19.7574,23.7776,0.228212
81,1.75,25.24,25.9043,21.7242,25.1219,0.0479224
81,2,23.22,26.0841,22.1264,25.0761,-0.754474
81,5,16.34,18.1117,17.6159,15.5548,0.514471
81,6,11.81,15.251,15.5243,12.5927,-0.633412
81,8,8.58,10.7093,11.9397,8.16719,0.514955
81,9,6.13,8.96078,10.4553,6.56648,-0.677086
81,11,4.34,6.26946,8.01187,4.24156,0.236278
81,14,2.46,3.6678,5.37251,2.20108,1.19605
81,22,0.35,0.877978,1.85056,0.382703,-0.857818
82,0.25,6.14,12.334,9.6479,5.64859,0.886034
82,0.75,11.56,27.5109,22.0204,13.7033,-1.59396
82,1,16,31.8236,25.7665,16.4924,-0.304271
82,4,24.24,30.6103,28.4203,23.1075,0.499541
82,7,21.04,18.3863,19.5602,18.3243,1.51047
82,8,17.64,15.3946,17.137,16.7131,0.565211
82,10,13.18,10.7751,13.1327,13.8369,-0.483782
82,11,11.85,9.01235,11.4935,12.5781,-0.589915
82,18,5.62,2.57961,4.51794,6.4335,-1.28799
82,20,6.2,1.80436,3.45998,5.3113,1.704
82,22,3.66,1.26209,2.64976,4.38484,-1.68306
82,24.25,8.3,12.1057,10.7717,8.69168,-0.459126
82,24.75,14.78,25.8907,21.9417,15.8806,-0.706342
82,25,18.99,29.7946,25.3018,18.3474,0.356973
82,28,27.19,28.3804,27.1391,23.5654,1.56776
82,31,17.28,17.0401,18.6569,18.5816,-0.713952
82,32,18.65,14.2673,16.3448,16.9414,1.02789
82,34,14.99,9.98592,12.5253,14.0219,0.703614
82,35,13.44,8.35229,10.9619,12.7457,0.555077
82,42,6.88,2.39067,4.30896,6.51894,0.564162
82,44,5.66,1.67221,3.29993,5.38184,0.526371
82,46,4.74,1.16966,2.52719,4.44307,0.680447
82,48.25,7.13,8.0219,7.53481,6.89668,0.344617
82,48.75,11.14,16.8632,14.6762,11.4569,-0.281855
82,49,14.35,19.3633,16.8175,13.0131,1.04692
82,52,15.78,18.3672,17.8166,16.0631,-0.179624
82,55,12.42,11.0261,12.2417,12.6309,-0.170138
82,56,10.43,9.23181,10.7244,11.5138,-0.959188
82,58,8.61,6.46148,8.21814,9.52832,-0.981994
82,59,7.18,5.40443,7.19237,8.66094,-1.74212
82,66,4.82,1.54691,2.82721,4.42963,0.897289
82,68,3.25,1.08202,2.16516,3.65696,-1.13273
82,70,3.11,0.756837,1.65815,3.01907,0.306473
83,0.25,5.28,8.31203,6.49605,5.72218,-0.787023
83,1.75,22.32,25.0948,21.0124,19.4106,1.52769
83,3,20.24,23.6405,20.9557,20.4134,-0.0865966
83,5,17.64,17.5457,17.0292,18.3218,-0.379269
83,8,12.95,10.3746,11.5311,14.5704,-1.13336
83,11,11.9,6.07354,7.72977,11.5009,0.353657
83,14,8.56,3.55318,5.17802,9.07417,-0.577327
83,16,8.35,2.48535,3.96413,7.74792,0.791664
83,20,5.92,1.21598,2.32335,5.64859,0.489369
83,22,4.63,0.850541,1.77868,4.823,-0.407479
84,0.25,5.24,8.84829,6.90903,5.20447,0.0695188
84,0.75,12.98,19.7361,15.7711,12.8811,0.0782315
84,1.25,16.68,24.8576,20.3263,17.8232,-0.653748
84,2,23.73,26.8992,22.7645,21.8226,0.8909
84,3,23.86,25.1657,22.2893,23.3929,0.203536
84,9,12.82,9.2408,10.7269,13.849,-0.757211
84,11,10.59,6.46538,8.21157,10.9114,-0.300175
84,12,8.87,5.40745,7.18385,9.67216,-0.845031
84,14,7.63,3.78242,5.49792,7.59171,0.0513762
84,24.25,7.98,10.6605,9.24704,8.09933,-0.150096
84,24.75,16.13,22.9812,19.2273,16.6939,-0.344292
84,25.25,20.84,28.7538,24.3192,22.1888,-0.619566
84,26,27.58,31.0102,26.9733,26.5649,0.38952
84,27,31.47,28.9678,26.295,28.1471,1.20335
84,33,16.53,10.6277,12.6228,16.4919,0.0235314
84,35,14.17,7.43571,9.66281,12.991,0.924886
84,36,12.82,6.219,8.45344,11.515,1.15486
84,38,9.18,4.35008,6.46956,9.0378,0.160309
85,0.25,6.86,10.8593,8.47182,6.61456,0.377974
85,1.5,22.59,32.0131,26.459,19.1374,1.8388
85,2,20.94,33.0126,27.9166,19.9334,0.514682
85,4,16.7,26.9504,24.9529,18.0572,-0.766039
85,5,17.23,22.9226,22.2008,16.5217,0.436907
85,6,15.13,19.3021,19.553,15.0501,0.0541143
85,7,13.43,16.1879,17.1507,13.6908,-0.194159
85,10,10.86,9.48675,11.4973,10.2902,0.56426
85,11,9.94,7.93479,10.0571,9.35514,0.636983
85,18,4.68,2.27117,3.939,4.80209,-0.258893
85,24.25,9.79,11.7366,10.2821,9.34374,0.48662
85,25.5,22.77,33.0028,28.2284,21.724,0.490791
85,26,22.58,33.9639,29.6106,22.4205,0.0725198
85,28,20.2,27.6634,26.2933,20.1323,0.0342709
85,29,19.24,23.5236,23.3778,18.4096,0.459742
85,30,15.47,19.8064,20.5842,16.7668,-0.788243
85,31,14.11,16.6102,18.0532,15.2516,-0.76285
85,34,12.55,9.734,12.1015,11.463,0.966313
85,35,10,8.14159,10.5856,10.4214,-0.412011
85,42,5.02,2.33037,4.14597,5.3494,-0.627109
85,48.25,6.38,7.8681,7.33858,7.27732,-1.2561
85,49.5,14.16,21.5568,18.8312,15.1402,-0.659786
85,50,12.78,22.1587,19.6867,15.5392,-1.80966
85,52,13.21,18.0244,17.4137,13.8785,-0.490875
85,53,11.84,15.3251,15.4768,12.6863,-0.679827
85,54,10.67,12.9027,13.6252,11.5529,-0.778782
85,55,9.82,10.8203,11.9491,10.5086,-0.667682
85,58,8.32,6.34091,8.00946,7.89804,0.544287
85,59,8.04,5.30357,7.00611,7.18037,1.21957
85,66,4.11,1.51804,2.74403,3.68576,1.17162
86,1.25,28.84,33.8967,27.6744,30.8429,-0.661937
86,1.5,32.9,35.5701,29.3762,31.3723,0.496389
86,2,31.93,36.6807,30.9946,30.9679,0.316694
86,6,17.51,21.4467,21.6993,19.0089,-0.803664
86,7,16.33,17.9866,19.0302,16.6542,-0.198377
86,9,13.04,12.6011,14.5776,12.7825,0.205282
86,14,6.27,5.15784,7.45855,6.59683,-0.504665
86,22,2.43,1.23466,2.55141,2.28921,0.625381
86,25.25,25.12,27.0548,23.1747,25.4781,-0.143263
86,25.5,26.26,28.3261,24.4439,25.8414,0.165111
86,26,24.02,29.1335,25.5992,25.4347,-0.566931
86,30,17.93,16.9763,17.75,15.5791,1.53793
86,31,12.79,14.2367,15.5645,13.6492,-0.641503
86,33,10.32,9.97374,11.9218,10.4761,-0.151838
86,38,4.6,4.0824,6.09965,5.40654,-1.51926
86,46,1.89,0.977223,2.08656,1.87616,0.0749614
86,49.25,35.3,32.5603,27.4865,30.3499,1.66257
86,49.5,29.1,34.1168,29.0492,30.8102,-0.565802
86,50,30.47,35.121,30.4931,30.3527,0.0394088
86,54,15.86,20.4892,21.2076,18.6039,-1.50323
86,55,16.96,17.1829,18.5971,16.2993,0.413116
86,57,13.84,12.0379,14.2451,12.5101,1.08328
86,62,6.9,4.92729,7.28835,6.45627,0.700064
86,70,2.22,1.17947,2.49319,2.24044,-0.0927519
87,0.5,18.98,21.9186,17.2705,20.9287,-0.949055
87,0.75,28.36,28.408,22.6455,27.2486,0.41577
87,1.5,39.91,37.5462,30.9845,36.6481,0.907313
87,1.75,36.56,38.4517,32.0975,37.7956,-0.333242
87,2,42.59,38.7185,32.6916,38.3454,1.12838
87,5,33.13,26.8845,25.9832,29.9559,1.08007
87,10,15.31,11.1264,13.4337,15.6192,-0.201733
87,12,11.81,7.78345,10.2712,11.9996,-0.161008
87,14,11.46,5.44439,7.85254,9.21839,2.47759
87,18,5.51,2.66372,4.58954,5.44033,0.130422
87,24.5,15.47,15.3692,13.3706,16.1882,-0.45216
87,24.75,22.82,19.6362,16.8718,20.3044,1.2628
87,25.5,22.63,25.5963,22.2243,26.3274,-1.43151
87,25.75,22.95,26.1663,22.907,27.0227,-1.53626
87,26,28.7,26.3141,23.2474,27.3239,0.51336
87,29,22.18,18.2017,18.2789,21.1413,0.500755
87,34,9.95,7.53121,9.4442,11.0179,-0.987658
87,36,8.59,5.26842,7.22088,8.4646,0.15093
87,38,7.37,3.68517,5.52048,6.50272,1.35854
87,42,3.71,1.803,3.22653,3.83765,-0.33859
87,48.5,21.05,20.6371,17.1642,20.7952,0.124885
87,48.75,26.61,26.5554,22.0421,26.53,0.0307301
87,49.5,38.54,34.8563,29.554,34.9896,1.03435
87,49.75,31.92,35.665,30.5344,35.9942,-1.15383
87,50,37.48,35.8896,31.0408,36.453,0.287203
87,53,24.44,24.8731,24.5319,28.3333,-1.40066
87,58,13.38,10.2928,12.6789,14.7694,-0.958722
87,60,9.89,7.20027,9.69413,11.3467,-1.30823
87,62,8.8,5.03646,7.41132,8.71684,0.0972042
87,66,4.74,2.46414,4.33166,5.14433,-0.800408
88,0.25,6.36,8.0439,6.25914,5.98909,0.63078
88,0.5,10.07,13.8434,10.8987,10.6204,-0.528043
88,7,11.61,11.991,12.652,12.1205,-0.429216
88,9,10.1,8.40073,9.68504,8.54102,1.85965
88,11,5.95,5.87762,7.40369,5.98048,-0.0519169
88,16,2.36,2.40518,3.78039,2.44057,-0.335742
88,22,0.81,0.823105,1.68738,0.831604,-0.262977
89,0.75,17.4,21.5303,17.1355,16.1111,0.815356
89,1.75,27.47,29.1424,24.2898,25.0839,0.969588
89,3,26.41,27.4534,24.2167,26.2362,0.0675216
89,4,23.78,23.9559,22.0992,23.7749,0.00218094
89,6,16.46,17.1574,17.2967,16.8564,-0.239651
89,7,12.85,14.3893,15.1615,13.6673,-0.609431
89,8,11.48,12.048,13.2675,10.9283,0.514445
89,9,8.93,10.0809,11.6021,8.65571,0.322864
89,12,3.76,5.89904,7.7496,4.16424,-0.988285
89,16,1.56,2.88621,4.52307,1.51927,0.272273
89,20,0.59,1.41211,2.63983,0.547883,0.775283
89,24.75,9.99,15.5558,13.2924,11.3508,-1.22164
89,25.75,16.8,20.7431,18.0852,17.5452,-0.432905
89,27,15.32,19.4691,17.8459,18.311,-1.6648
89,28,18.65,16.974,16.2459,16.5811,1.27168
89,30,11.19,12.1513,12.6985,11.7482,-0.484168
89,31,9.77,10.1903,11.1293,9.524,0.263174
89,32,8.35,8.53201,9.73837,7.61448,0.984059
89,33,5.76,7.13892,8.51571,6.03057,-0.456971
89,36,2.69,4.17747,5.68797,2.90095,-0.739857
89,40,0.9,2.0439,3.31979,1.05832,-1.51662
89,44,0.33,0.999997,1.93755,0.381649,-1.35847
89,48.75,18.84,26.4436,21.7276,19.5808,-0.385593
89,49.75,33.65,35.5716,30.2437,30.3974,1.09072
89,51,27.87,33.4591,30.0169,31.7657,-1.25013
89,52,32.4,29.1861,27.3632,28.7773,1.28321
89,54,23.42,20.8993,21.4044,20.3976,1.51024
89,55,16.85,17.527,18.7609,16.5375,0.192567
89,56,12.93,14.6751,16.4168,13.2227,-0.225578
89,57,10.72,12.279,14.3558,10.4727,0.240643
89,60,5.72,7.1853,9.58892,5.03814,1.37821
89,64,1.74,3.51554,5.59658,1.83806,-0.542168
89,68,0.76,1.72001,3.26638,0.662844,1.48102
90,1,24.66,25.9431,20.8728,23.2498,0.618217
90,1.25,22.45,28.2473,22.9914,25.5684,-1.24319
90,1.75,30.65,30.3566,25.2829,27.982,0.971878
90,2,24.07,30.5673,25.7506,28.4103,-1.55726
90,5,22.44,21.2246,20.4485,21.161,0.616061
90,6,19.62,17.8723,17.9956,18.1201,0.843634
90,16,3.44,3.00647,4.69757,3.52222,-0.237595
90,20,1.93,1.47094,2.73973,1.82392,0.591016
90,22,1.24,1.02888,2.09231,1.3125,-0.560655
91,1.25,10.07,19.9614,16.235,10.5118,-0.42825
91,1.5,11.13,20.9468,17.234,11.6255,-0.434352
91,4,14.86,17.6342,16.2378,14.8324,0.0189755
91,5,13.72,14.9987,14.4351,14.3172,-0.425099
91,6,10.05,12.6297,12.7016,13.5046,-2.6069
91,10,10.93,6.20738,7.43789,9.85265,1.11416
91,11,8.95,5.1919,6.4993,9.04438,-0.106325
91,14,6.75,3.0374,4.33544,6.97233,-0.324827
91,18,4.84,1.48608,2.52673,4.91746,-0.160406
91,20,4.06,1.03947,1.92895,4.12901,-0.170143
91,25.25,18.79,30.9138,25.7616,18.6749,0.0628382
91,25.5,19.3,32.402,27.2569,20.3206,-0.511913
91,28,24.47,27.1992,25.4715,24.7205,-0.103291
91,29,24.36,23.1307,22.6337,23.7614,0.256768
91,30,17.39,19.4761,19.912,22.3621,-2.26629
91,34,18.59,9.5719,11.6589,16.2725,1.45145
91,35,15.56,8.006,10.1876,14.9356,0.426052
91,38,11.83,4.68372,6.79575,11.5122,0.281323
91,42,7.39,2.29156,3.96062,8.11908,-0.914857
91,44,5.82,1.60288,3.02361,6.81726,-1.49013
91,49.25,26.25,37.1603,31.2017,23.5473,1.16991
91,49.5,25.81,38.9364,32.9807,25.4925,0.126935
91,52,31.84,32.6576,30.7453,30.5343,0.435892
91,53,31.91,27.7714,27.3163,29.3079,0.905026
91,54,29.32,23.3832,24.0303,27.5607,0.650653
91,58,21.73,11.492,14.0697,20.0378,0.86076
91,59,19.15,9.61197,12.2942,18.3907,0.420822
91,62,12.51,5.62325,8.20098,14.1746,-1.19678
91,66,10.15,2.75123,4.7796,9.99665,0.156304
91,68,9.61,1.9244,3.64883,8.39378,1.47622
92,0.75,38.38,26.6138,21.1314,34.3671,1.19027
92,1,33.13,30.7858,24.7312,39.0129,-1.53716
92,1.5,47.81,35.1748,28.9186,43.0321,1.13185
92,3,39.33,33.9355,29.8624,37.9617,0.36742
92,9,10.95,12.4611,14.2674,10.6752,0.262304
92,10,8.29,10.4237,12.4663,8.56536,-0.327533
92,24.75,28.85,24.0713,20.218,30.4519,-0.536207
92,25,30.69,27.6951,23.3164,34.5056,-1.12722
92,25.5,38.4,31.4806,26.879,37.9953,0.108571
92,27,36.48,30.2408,27.4245,33.4723,0.915953
92,33,10.2,11.0919,13.0609,9.40979,0.855638
92,34,6.67,9.27838,11.412,7.55004,-1.18745
92,48.75,37.47,25.4844,21.2615,32.3432,1.6158
92,49,32,29.3461,24.5669,36.6601,-1.29579
92,49.5,38.69,33.3849,28.3738,40.3795,-0.426509
92,51,33.23,32.0924,28.9962,35.581,-0.673546
92,57,10.73,11.7732,13.8154,10.0031,0.740409
92,58,7.89,9.84827,12.0712,8.02611,-0.172765
93,1,20.25,20.4086,16.3824,20.2977,-0.0239304
93,1.5,22.72,23.3182,19.1566,22.6558,0.0288834
93,1.75,23.02,23.8806,19.845,22.9255,0.0420151
93,2,25.19,24.0462,20.2119,22.8048,1.06607
93,3,18.75,22.4966,19.7806,20.2856,-0.771542
93,4,16.17,19.6305,18.0433,16.796,-0.379869
93,5,14.37,16.6967,16.0357,13.5377,0.626508
93,10,4.87,6.9101,8.2484,4.25442,1.47312
93,11,3.42,5.77966,7.20494,3.36679,0.160838
93,22,0.24,0.809386,1.62603,0.256394,-0.63705
94,0.25,5.59,8.58016,6.64285,5.27767,0.602675
94,0.5,8.87,14.7662,11.5689,8.95816,-0.100264
94,0.75,10.93,19.138,15.1721,11.4905,-0.497053
94,2,15.24,26.0841,21.9086,15.5709,-0.216589
94,3,14.1,24.4031,21.4399,15.1306,-0.694171
94,4,12.49,21.2941,19.5547,14.0287,-1.11779
94,8,11.37,10.7093,11.7023,9.69696,1.75795
94,14,5.34,3.6678,5.19412,5.50911,-0.312624
94,16,4.34,2.56552,3.96101,4.56269,-0.496964
95,0.25,9.73,12.8702,9.9561,9.18274,0.607222
95,0.5,14.46,22.1494,17.3397,15.2163,-0.506564
95,1.25,24.46,36.1565,29.3193,22.9754,0.658639
95,1.75,23.18,38.8565,32.2428,24.061,-0.373226
95,3,22.28,36.6046,32.1344,22.693,-0.185486
95,5,16.66,27.1675,26.0374,18.641,-1.08313
95,7,13.02,19.1857,20.0492,15.1206,-1.41579
95,11,10.49,9.40419,11.6743,9.93371,0.570602
95,14,5.21,5.5017,7.77063,7.24859,-2.865
95,20,4.43,1.88281,3.44239,3.85956,1.50453
95,24.25,12.63,14.0193,12.0972,11.8438,0.676427
95,24.5,16.95,23.4532,19.5701,17.9391,-0.561948
95,25.25,21.78,37.6465,31.6184,25.6775,-1.54718
95,25.75,29.82,40.3398,34.4921,26.672,1.20305
95,27,26.65,37.9061,34.1353,25.0159,0.665845
95,29,22.5,28.1105,27.5949,20.5289,0.978635
95,31,17.04,19.849,21.2406,16.651,0.238109
95,35,10.24,9.72911,12.3672,10.9391,-0.651231
95,38,8.78,5.69178,8.23179,7.98223,1.01819
95,44,3.81,1.94786,3.64668,4.2502,-1.05446
96,1,12.59,21.7922,17.4537,11.5897,0.87946
96,1.25,11.88,23.7277,19.2266,13.29,-1.08121
96,1.5,14.63,24.899,20.4104,14.6552,-0.0175101
96,1.75,13.14,25.4996,21.144,15.7382,-1.68253
96,2,17.41,25.6765,21.5346,16.584,0.507593
96,3,19.91,24.0218,21.0715,18.2708,0.91438
96,6,14.74,15.0127,15.0074,16.5836,-1.133
96,7,14.34,12.5906,13.1392,15.4273,-0.718312
96,9,15.44,8.82077,10.0297,13.1421,1.78185
96,10,11.56,7.37858,8.75718,12.0863,-0.443736
96,12,9.89,5.16166,6.67409,10.1949,-0.304695
97,1.5,13.15,19.7611,16.187,14.0669,-0.664251
97,2,16.65,20.3782,17.0785,16.0817,0.36014
97,5,19,14.1498,13.5329,17.488,0.881171
97,10,12.33,5.85602,6.93681,11.4629,0.770829
97,12,8.47,4.09655,5.2848,9.39419,-1.00237
97,18,5.89,1.40196,2.33608,5.10547,1.56485
97,25.5,20.97,35.5418,29.6548,27.4126,-2.39564
97,26,35.33,36.6087,31.1864,30.8808,1.46862
97,29,32.84,25.3829,24.6115,32.7888,0.0159216
97,34,22.54,10.504,12.6124,21.4001,0.542922
97,36,16.44,7.34805,9.6087,17.5337,-0.635763
97,42,8.08,2.51472,4.2474,9.52771,-1.54819
98,0.5,12.63,22.1494,17.299,12.6291,0.000730137
98,1,17.08,33.2072,26.5568,19.3173,-1.18043
98,1.5,26.4,37.9414,31.0566,22.5271,1.75233
98,1.75,20.91,38.8565,32.1728,23.3108,-1.04976
98,2,24.67,39.1261,32.767,23.7191,0.408624
98,7,13.28,19.1857,19.9665,14.4757,-0.841816
98,16,4.43,3.84829,5.87026,4.33961,0.212074
99,0.5,21.53,19.3807,15.125,21.243,0.137725
99,0.75,26.41,25.1187,19.8379,26.238,0.066807
99,1,30.1,29.0563,23.2201,29.137,0.336908
99,5,22.55,23.7716,22.688,21.8707,0.316584
99,7,14.83,16.7875,17.4466,16.7798,-1.18429
99,11,10.31,8.22867,10.1294,9.86845,0.455902
99,14,6.67,4.81399,6.72746,6.62732,0.0655978
100,0.25,17.36,11.9318,9.193,15.2375,1.41958
100,0.75,30.43,26.6138,21.0031,33.3055,-0.88008
100,2,37.96,36.2732,30.334,43.0331,-1.20176
100,3,42.08,33.9355,29.6744,38.4873,0.951583
100,4,28.91,29.6121,27.0471,32.06,-1.00154
100,6,22.23,21.2084,21.0989,20.8767,0.660733
100,12,4.91,7.29186,9.3424,5.37084,-0.873835
100,18,1.31,2.49549,4.11596,1.3746,-0.477054
100,20,0.92,1.74552,3.13188,0.872737,0.548374
100,24.25,10.74,9.66498,8.56971,11.6321,-0.781535
100,24.75,23.58,20.483,17.212,24.9951,-0.577094
100,26,36.56,27.4965,23.8746,32.1356,1.40345
100,27,30.99,25.6652,23.2093,28.7191,0.806017
100,28,23.05,22.3774,21.1073,23.9166,-0.369342
100,30,16.2,16.0199,16.4452,15.5716,0.411279
100,36,3.88,5.50747,7.28002,4.00591,-0.319983
100,42,1.14,1.88481,3.20734,1.02526,1.13435
100,44,0.61,1.31837,2.4405,0.650942,-0.635422